1.7661 -0.2373 -0.47151 20.27 0.0010122 -0.005662 -0.0046409 0.99997
1.8701 -0.25316 -0.49778 21.465 0.0015327 -0.0059071 -0.0045127 0.99997
2.1818 -0.30711 -0.58123 25.047 0.0015564 -0.0071302 -0.0049375 0.99996
2.3896 -0.34725 -0.63294 27.442 0.00030385 -0.0079031 -0.0046301 0.99996
2.7014 -0.41128 -0.70872 31.028 0.0012865 -0.0092509 -0.0037427 0.99995
3.1171 -0.50982 -0.81827 35.813 0.0008405 -0.010525 -0.0032104 0.99994
3.325 -0.56274 -0.87347 38.207 0.00058896 -0.010924 -0.0028045 0.99994
3.5331 -0.61817 -0.92686 40.602 -0.00048232 -0.010805 -0.0030954 0.99994
3.7409 -0.67567 -0.97763 42.996 -0.00021836 -0.010726 -0.0039091 0.99993
3.9489 -0.73586 -1.0204 45.396 -0.0025174 -0.009698 -0.0055128 0.99993
4.1567 -0.78445 -1.0512 47.801 -0.0055348 -0.0079439 -0.0059163 0.99994
4.3646 -0.822 -1.0738 50.203 -0.0057368 -0.0065566 -0.0049242 0.99995
4.5726 -0.85946 -1.0983 52.606 -0.004488 -0.0056178 -0.0057487 0.99996
4.7804 -0.89287 -1.1279 55.015 -0.0039015 -0.0059615 -0.0049294 0.99996
4.9881 -0.93323 -1.1607 57.428 -0.0046325 -0.007496 -0.0050141 0.99995
5.196 -0.98144 -1.1903 59.839 -0.0046892 -0.0083989 -0.0054873 0.99994
5.4037 -1.0311 -1.2213 62.246 -0.0043532 -0.0088401 -0.0053624 0.99994
5.7155 -1.1032 -1.2671 65.85 -0.005429 -0.0092394 -0.0044917 0.99993
6.0274 -1.1869 -1.3094 69.435 -0.0039275 -0.0094661 -0.0065613 0.99993
6.3391 -1.2686 -1.3557 73.002 -0.0047441 -0.0088528 -0.0084915 0.99991
6.6511 -1.3201 -1.4075 76.541 -0.0019016 -0.0053267 -0.0073093 0.99996
6.9631 -1.3409 -1.4685 80.068 -0.0039741 -0.00099594 -0.0072928 0.99997
7.2751 -1.3239 -1.5303 83.558 0.00034151 0.004434 -0.0063633 0.99997
7.5871 -1.2731 -1.6051 87.031 -0.00054296 0.0098071 -0.0063913 0.99993
7.7951 -1.2167 -1.6562 89.333 0.0018878 0.013293 -0.006038 0.99989
8.0031 -1.1441 -1.7104 91.637 0.0014661 0.016357 -0.005409 0.99985
8.3151 -1.0061 -1.7851 95.103 -0.00069993 0.020348 -0.0040939 0.99978
8.6271 -0.841 -1.8619 98.572 0.0037527 0.023621 -0.0027865 0.99971
8.9391 -0.66553 -1.953 102.09 0.0029476 0.024362 -0.0030048 0.99969
9.2511 -0.49775 -2.0411 105.67 0.0015188 0.021445 -0.0029159 0.99976
9.563 -0.36511 -2.127 109.28 0.0015712 0.016058 -0.003963 0.99986
9.8748 -0.27267 -2.2134 112.92 0.00022138 0.0096472 -0.0044801 0.99994
10.187 -0.23407 -2.2968 116.59 0.00025066 0.0023032 -0.0053464 0.99998
10.499 -0.24644 -2.3881 120.27 0.0005917 -0.0029247 -0.0078821 0.99996
10.811 -0.28357 -2.4715 123.98 -5.7082e-05 -0.0044503 -0.010129 0.99994
11.123 -0.33608 -2.5433 127.72 -0.0023457 -0.0055629 -0.012589 0.9999
11.331 -0.37044 -2.5781 130.22 -0.0016477 -0.0062128 -0.011931 0.99991
11.539 -0.39762 -2.6148 132.73 -0.0029779 -0.0070979 -0.0093884 0.99993
11.747 -0.42991 -2.6461 135.26 -0.0048371 -0.0074175 -0.0071028 0.99994
11.955 -0.45706 -2.676 137.79 -0.0030132 -0.0073883 -0.0035936 0.99996
12.162 -0.49082 -2.7113 140.33 -0.0032085 -0.0071621 -0.0027762 0.99997
12.37 -0.53166 -2.7441 142.88 -0.004966 -0.0064683 -0.004264 0.99996
12.682 -0.58622 -2.7948 146.69 -0.0022237 -0.0057574 -0.0045399 0.99997
12.994 -0.63444 -2.8751 150.49 0.0021424 -0.0052873 -0.0038332 0.99998
13.306 -0.68417 -2.9699 154.29 0.0011682 -0.0054398 -0.0044726 0.99997
13.618 -0.74013 -3.0517 158.08 0.00092346 -0.0061567 -0.0050019 0.99997
13.93 -0.79897 -3.1353 161.86 0.00068605 -0.0071352 -0.0053013 0.99996
14.242 -0.86761 -3.2218 165.65 0.0015696 -0.0081794 -0.0057913 0.99995
14.554 -0.9418 -3.314 169.44 0.0013799 -0.0092542 -0.0061813 0.99994
14.865 -1.0243 -3.4024 173.23 0.00081766 -0.010308 -0.0066142 0.99992
15.177 -1.112 -3.4919 177.03 0.0012905 -0.01103 -0.0073413 0.99991
15.489 -1.1934 -3.5871 180.81 0.002496 -0.011377 -0.005182 0.99992
15.801 -1.2803 -3.6691 184.59 -0.0013185 -0.011688 -0.0051664 0.99992
16.113 -1.3715 -3.7527 188.34 0.0012948 -0.011788 -0.0059575 0.99991
16.425 -1.4569 -3.8398 192.07 -0.001004 -0.011371 -0.0057067 0.99992
16.737 -1.5254 -3.9293 195.76 0.00078406 -0.0093837 -0.0050216 0.99994
17.049 -1.5773 -4.0254 199.41 -0.00025649 -0.0073937 -0.0044756 0.99996
17.361 -1.6196 -4.1126 203.02 -0.00052395 -0.0057732 -0.004912 0.99997
17.673 -1.6491 -4.1962 206.55 -0.00062144 -0.0043807 -0.0050592 0.99998
17.881 -1.6632 -4.2502 208.85 -0.0010002 -0.0039908 -0.0043841 0.99998
18.089 -1.6809 -4.3018 211.09 -0.0016743 -0.0044935 -0.0042644 0.99998
18.297 -1.7054 -4.3516 213.27 -0.00073447 -0.0048961 -0.0045613 0.99998
18.505 -1.7306 -4.4021 215.4 -0.00067474 -0.0057335 -0.0042515 0.99997
18.713 -1.7581 -4.4505 217.49 -0.0017805 -0.0075126 -0.0035247 0.99996
18.921 -1.7965 -4.4942 219.51 -0.0029212 -0.0097391 -0.0037297 0.99994
19.129 -1.8445 -4.5325 221.46 -0.002626 -0.012447 -0.0039509 0.99991
19.337 -1.9005 -4.5743 223.32 -0.002947 -0.015369 -0.0044027 0.99987
19.545 -1.9632 -4.6139 225.09 -0.0023776 -0.018515 -0.0042731 0.99982
19.753 -2.0361 -4.6555 226.78 -0.0018338 -0.02157 -0.0050188 0.99975
19.961 -2.114 -4.6923 228.38 -0.0019594 -0.023163 -0.0063836 0.99971
20.169 -2.1828 -4.729 229.92 -0.0029594 -0.022806 -0.0064407 0.99971
20.377 -2.2479 -4.7625 231.39 -0.0017114 -0.022484 -0.006602 0.99972
20.585 -2.3091 -4.7957 232.84 5.6861e-05 -0.021498 -0.0066594 0.99975
20.793 -2.3648 -4.8305 234.28 0.00041733 -0.01991 -0.0067448 0.99978
21.002 -2.4147 -4.8649 235.7 0.0004439 -0.017963 -0.0066913 0.99982
21.21 -2.4583 -4.8969 237.11 0.00044886 -0.015471 -0.0066203 0.99986
21.418 -2.4892 -4.9296 238.51 -7.3935e-05 -0.012417 -0.0056337 0.99991
21.626 -2.5119 -4.9656 239.89 -3.6452e-05 -0.0094366 -0.0052997 0.99994
21.834 -2.5282 -4.9982 241.26 0.000654 -0.006521 -0.0056754 0.99996
22.042 -2.5383 -5.032 242.65 0.00053773 -0.0036652 -0.0056514 0.99998
22.251 -2.5456 -5.0643 244.06 0.00028667 -0.001228 -0.0057773 0.99998
22.459 -2.5466 -5.0948 245.47 0.0021873 0.00078383 -0.0057864 0.99998
22.667 -2.5437 -5.1261 246.91 0.0033764 0.0013547 -0.0053815 0.99998
22.875 -2.5419 -5.1646 248.37 0.0035767 0.0015305 -0.0054572 0.99998
23.083 -2.5409 -5.206 249.86 0.0049195 0.001791 -0.0055348 0.99997
23.291 -2.5293 -5.2463 251.37 0.0063053 0.0021364 -0.0019984 0.99998
23.603 -2.5317 -5.3002 253.72 -0.00063556 0.0031902 -0.004879 0.99998
23.915 -2.5089 -5.3453 256.11 0.0057955 0.0080883 -0.0057301 0.99993
24.227 -2.4519 -5.4069 258.59 0.0028651 0.012773 -0.0042799 0.99991
24.54 -2.3775 -5.4674 261.1 0.0026877 0.016985 -0.0040406 0.99984
24.852 -2.2827 -5.5333 263.62 0.0030828 0.020922 -0.004867 0.99976
25.06 -2.2117 -5.5802 265.3 0.0020692 0.023954 -0.005916 0.99969
25.268 -2.1206 -5.6228 266.99 0.0026513 0.026581 -0.0050296 0.99963
25.476 -2.0202 -5.6623 268.68 0.0023676 0.027939 -0.0027954 0.9996
25.684 -1.9238 -5.7059 270.38 0.0023435 0.028483 -0.0023586 0.99959
25.892 -1.8295 -5.7502 272.09 0.0018179 0.0282 -0.0026371 0.9996
26.1 -1.7412 -5.7938 273.8 0.0026145 0.026844 -0.0024973 0.99963
26.307 -1.6607 -5.8359 275.5 0.0031227 0.025314 -0.0034274 0.99967
26.515 -1.5856 -5.8797 277.2 0.0029361 0.023407 -0.0042392 0.99971
26.827 -1.4893 -5.9419 279.74 5.4757e-05 0.017601 -0.002911 0.99984
27.139 -1.4319 -5.9944 282.2 -0.0012909 0.010584 -0.0022273 0.99994
27.451 -1.4113 -6.0402 284.56 -0.0012113 0.0041935 -0.0017293 0.99999
27.763 -1.4234 -6.0851 286.74 -0.00095261 -0.0017216 -0.0013302 1
28.075 -1.4776 -6.1326 288.75 0.0015868 -0.011432 -0.0031602 0.99993
28.387 -1.5972 -6.1825 290.63 0.0017992 -0.031419 -0.0038403 0.9995
28.699 -1.8345 -6.2242 292.38 0.0015512 -0.065036 -0.0068059 0.99786
29.01 -2.2095 -6.2577 294 -6.2701e-05 -0.11106 -0.008226 0.99378
29.321 -2.7394 -6.2976 295.47 -0.0033302 -0.16837 -0.0095344 0.98567
29.632 -3.4256 -6.321 296.78 -0.0059888 -0.23272 -0.0092987 0.97248
29.943 -4.2686 -6.337 297.94 -0.0085598 -0.30442 -0.0079519 0.95247
30.151 -4.9227 -6.3452 298.6 -0.0092754 -0.35495 -0.0079931 0.9348
30.358 -5.6356 -6.344 299.17 -0.013676 -0.40855 -0.0050985 0.91262
30.566 -6.4044 -6.3323 299.61 -0.01687 -0.46486 -0.0052158 0.88521
30.773 -7.2164 -6.3261 299.98 -0.017122 -0.51949 -0.010975 0.85424
31.085 -8.4362 -6.2923 300.22 -0.019959 -0.59698 -0.012686 0.80191
31.292 -9.2703 -6.2712 300.33 -0.023353 -0.64566 -0.014037 0.76313
31.604 -10.581 -6.2243 300.23 -0.028638 -0.7169 -0.019065 0.69633
31.812 -11.488 -6.1783 299.99 -0.033163 -0.76195 -0.023264 0.64636
32.019 -12.403 -6.1235 299.63 -0.037778 -0.80321 -0.025642 0.59395
32.227 -13.311 -6.0638 299.14 -0.039833 -0.83992 -0.025508 0.54064
32.435 -14.213 -5.9898 298.52 0.040343 0.87131 0.024938 -0.48844
32.644 -15.116 -5.9135 297.8 0.040765 0.89605 0.025556 -0.44134
32.852 -16.024 -5.8309 296.92 0.046376 0.9164 0.026007 -0.39673
33.061 -16.904 -5.7377 295.88 0.050653 0.93484 0.026785 -0.35042
33.269 -17.729 -5.6455 294.68 0.04887 0.95029 0.023613 -0.30659
33.477 -18.505 -5.5508 293.35 0.046377 0.96288 0.019624 -0.26518
33.686 -19.214 -5.4729 291.86 0.043964 0.97331 0.019769 -0.22439
33.894 -19.845 -5.3972 290.24 0.04512 0.98186 0.019065 -0.18319
34.103 -20.382 -5.3305 288.5 0.047541 0.98841 0.020014 -0.1428
34.311 -20.812 -5.265 286.62 0.04916 0.99306 0.020747 -0.10485
34.519 -21.117 -5.1982 284.63 0.048392 0.99619 0.017179 -0.070541
34.727 -21.307 -5.1433 282.52 0.047533 0.99796 0.017334 -0.039048
34.936 -21.384 -5.0921 280.31 0.047514 0.99867 0.016513 -0.011155
35.144 -21.346 -5.0442 278.01 0.045363 0.99873 0.017694 0.013163
35.353 -21.209 -5.0014 275.64 0.041946 0.99849 0.016114 0.031699
35.561 -21.002 -4.9654 273.21 0.03716 0.9983 0.016204 0.041955
35.77 -20.777 -4.9275 270.7 0.034496 0.9983 0.016304 0.044094
35.978 -20.555 -4.8834 268.14 0.03305 0.99845 0.016057 0.041894
36.187 -20.346 -4.8385 265.51 0.03228 0.99859 0.016877 0.038689
36.395 -20.156 -4.7995 262.85 0.031156 0.99878 0.018815 0.033281
36.603 -19.993 -4.7605 260.19 0.030652 0.99894 0.019838 0.028156
36.811 -19.855 -4.718 257.51 0.029224 0.99913 0.019105 0.022827
37.019 -19.746 -4.6737 254.82 0.028516 0.99924 0.020037 0.017468
37.227 -19.668 -4.6186 252.12 0.029108 0.99926 0.021674 0.012817
37.435 -19.614 -4.5564 249.42 0.029788 0.99929 0.021049 0.0094162
37.643 -19.569 -4.5014 246.71 0.029742 0.99937 0.018132 0.0068539
37.851 -19.538 -4.445 243.97 0.029724 0.99934 0.020461 0.0047632
38.058 -19.514 -4.3783 241.22 0.030416 0.99932 0.020507 0.0042383
38.266 -19.493 -4.317 238.46 0.031447 0.9993 0.019761 0.0045382
38.473 -19.467 -4.2557 235.68 0.032936 0.99926 0.019113 0.0054455
38.785 -19.407 -4.1529 231.49 0.031952 0.99923 0.021605 0.006884
39.096 -19.332 -4.0611 227.28 0.030411 0.9993 0.020563 0.0076628
39.407 -19.265 -3.9752 223.03 0.030814 0.99928 0.020451 0.0079616
39.719 -19.191 -3.8845 218.76 0.030744 0.99927 0.021307 0.0079352
40.03 -19.115 -3.7838 214.45 0.031475 0.99923 0.021821 0.0080492
40.341 -19.022 -3.6702 210.12 0.031987 0.99926 0.019982 0.0080007
40.652 -18.928 -3.5592 205.76 0.031311 0.99928 0.020046 0.0081325
40.963 -18.837 -3.453 201.37 0.03108 0.99926 0.021124 0.0080061
41.275 -18.752 -3.3506 196.98 0.031204 0.99922 0.023062 0.0074449
41.586 -18.671 -3.2415 192.6 0.029715 0.99927 0.023461 0.0059809
41.897 -18.61 -3.1383 188.24 0.03059 0.99927 0.02251 0.0047603
42.209 -18.56 -3.0442 183.91 0.030335 0.99927 0.023017 0.0038163
42.52 -18.523 -2.9422 179.6 0.03016 0.99927 0.023476 0.0018914
42.831 -18.51 -2.8387 175.34 0.030696 0.99922 0.024738 -0.0010927
43.142 -18.527 -2.736 171.16 0.031365 0.99919 0.025049 -0.0041989
43.454 -18.568 -2.6335 167.13 0.031864 0.99913 0.026024 -0.0071933
43.765 -18.625 -2.5336 163.28 0.032078 0.99907 0.027597 -0.0088402
44.076 -18.682 -2.4476 159.65 0.032025 0.9991 0.026419 -0.0086633
44.387 -18.733 -2.3708 156.25 0.0321 0.99907 0.02776 -0.0080112
44.698 -18.778 -2.2974 153.09 0.031508 0.9991 0.027308 -0.0073202
45.01 -18.816 -2.2302 150.16 0.031641 0.9991 0.027381 -0.0065236
45.425 -18.855 -2.1442 146.6 0.031087 0.99912 0.027732 -0.0054023
45.737 -18.882 -2.0783 144.1 0.033759 0.99911 0.024922 -0.0049249
46.152 -18.909 -2.0051 140.99 0.034683 0.99911 0.023645 -0.004757
46.672 -18.944 -1.9282 137.33 0.036169 0.99906 0.023192 -0.0059962
46.984 -18.974 -1.8953 135.22 0.037643 0.99907 0.019935 -0.006615
47.192 -18.983 -1.8679 133.82 0.035964 0.99916 0.018127 -0.0071215
47.504 -19.008 -1.8291 131.74 0.036171 0.99912 0.020054 -0.0076522
47.712 -19.012 -1.8135 130.38 0.031857 0.99932 0.016758 -0.007732
47.92 -19.03 -1.7904 129 0.031888 0.99939 0.011666 -0.0076188
48.128 -19.033 -1.7736 127.56 0.027944 0.99948 0.014439 -0.0068583
48.336 -19.041 -1.7517 126.09 0.027059 0.99948 0.016519 -0.0050705
48.544 -19.041 -1.7219 124.58 0.026556 0.99953 0.015065 -0.0018289
48.752 -19.026 -1.6891 122.99 0.024919 0.99955 0.016745 0.0013824
48.96 -19.008 -1.6514 121.34 0.025807 0.99944 0.020569 0.0048069
49.169 -18.981 -1.6068 119.62 0.027422 0.99938 0.020149 0.0085093
49.377 -18.941 -1.5624 117.84 0.02924 0.99933 0.018318 0.012478
49.585 -18.882 -1.5186 115.98 0.030595 0.99921 0.019516 0.016484
49.793 -18.807 -1.4727 114.06 0.03279 0.99904 0.020545 0.020704
50.001 -18.711 -1.4258 112.07 0.034155 0.99895 0.017841 0.024969
50.209 -18.593 -1.3821 110.01 0.034553 0.99885 0.017109 0.028339
50.417 -18.458 -1.3433 107.88 0.034139 0.99885 0.015689 0.02973
50.625 -18.324 -1.3076 105.69 0.034899 0.99887 0.012586 0.029806
50.937 -18.117 -1.2447 102.25 0.035712 0.99876 0.018629 0.029162
51.249 -17.898 -1.1729 98.672 0.03412 0.99888 0.016853 0.028286
51.561 -17.684 -1.1025 94.953 0.034652 0.99887 0.017595 0.027207
51.873 -17.477 -1.0223 91.09 0.033379 0.99899 0.017862 0.02423
52.185 -17.293 -0.95848 87.11 0.032848 0.9992 0.010586 0.020097
52.497 -17.138 -0.89259 82.956 0.032079 0.99919 0.018332 0.016078
52.809 -17.009 -0.80538 78.684 0.03202 0.99926 0.017142 0.012648
53.12 -16.905 -0.71876 74.284 0.03264 0.99924 0.019248 0.009597
53.432 -16.821 -0.6267 69.862 0.031734 0.99921 0.022968 0.006662
53.743 -16.76 -0.53005 65.457 0.032056 0.99923 0.022041 0.0048941
54.055 -16.707 -0.43422 61.059 0.031551 0.99927 0.020953 0.003909
54.263 -16.677 -0.36967 58.119 0.032179 0.9992 0.023606 0.0036714
54.47 -16.643 -0.2928 55.189 0.032097 0.99917 0.024785 0.0040989
54.678 -16.601 -0.22388 52.277 0.031656 0.99926 0.021213 0.0050395
54.885 -16.554 -0.16675 49.367 0.031205 0.99926 0.021582 0.0057536
55.197 -16.478 -0.06683 45.014 0.030702 0.9992 0.024721 0.0065899
55.508 -16.402 0.022673 40.698 0.030871 0.99928 0.021002 0.0061223
55.82 -16.332 0.11183 36.397 0.030618 0.99926 0.0225 0.0054644
56.131 -16.264 0.19987 32.125 0.029658 0.99932 0.021282 0.0047533
56.442 -16.213 0.28601 27.868 0.03212 0.99922 0.022415 0.0045733
56.65 -16.175 0.34553 25.05 0.03132 0.99926 0.02172 0.0043942
56.961 -16.116 0.43237 20.857 0.029738 0.9993 0.022358 0.0039682
57.272 -16.073 0.52366 16.708 0.031005 0.99924 0.023443 0.0037507
57.584 -16.02 0.60521 12.595 0.027744 0.99943 0.018917 0.0032947
57.895 -15.968 0.6822 8.4874 0.026199 0.99941 0.022036 0.0035364
58.206 -15.939 0.77872 4.4003 0.03187 0.9992 0.023707 0.0038144
58.518 -15.89 0.87542 0.30894 0.031132 0.99929 0.020977 0.0035978
58.829 -15.838 0.96012 -3.8136 0.029977 0.99934 0.020082 0.0033035
59.14 -15.791 1.042 -7.966 0.029 0.99937 0.019972 0.0031669
59.452 -15.739 1.1297 -12.15 0.025943 0.99943 0.021524 0.0027178
59.763 -15.691 1.2146 -16.359 0.025005 0.99948 0.019986 0.0027268
60.075 -15.644 1.2791 -20.584 0.023634 0.99958 0.016585 0.0029883
60.386 -15.606 1.3425 -24.845 0.026411 0.99949 0.017634 0.0036398
60.697 -15.554 1.4013 -29.115 0.025375 0.99953 0.016971 0.0038629
61.009 -15.508 1.4745 -33.396 0.027725 0.99943 0.018727 0.0048753
61.32 -15.461 1.5428 -37.666 0.030372 0.99933 0.019781 0.0054724
61.631 -15.409 1.6211 -41.914 0.033319 0.9992 0.021249 0.0058436
61.943 -15.357 1.6898 -46.13 0.035966 0.9992 0.016609 0.0060641
62.254 -15.297 1.7578 -50.347 0.035636 0.99918 0.018032 0.0060252
62.565 -15.237 1.834 -54.548 0.035655 0.99919 0.017503 0.0056843
62.877 -15.184 1.9059 -58.751 0.035479 0.9992 0.017663 0.0043563
63.188 -15.142 1.9696 -62.951 0.035494 0.99921 0.017356 0.003107
63.5 -15.101 2.0316 -67.147 0.034523 0.99924 0.017826 0.0019721
63.811 -15.075 2.0874 -71.323 0.035187 0.99925 0.016139 0.0019391
64.122 -15.043 2.1307 -75.476 0.036383 0.99918 0.017473 0.0026799
64.434 -14.998 2.1798 -79.593 0.037154 0.99916 0.016619 0.0041468
64.745 -14.941 2.2144 -83.681 0.035618 0.99919 0.018268 0.0043574
65.057 -14.892 2.2686 -87.727 0.03622 0.99916 0.01875 0.0041606
65.368 -14.839 2.3112 -91.741 0.03475 0.99923 0.017731 0.0027761
65.679 -14.798 2.3579 -95.724 0.034602 0.99925 0.017433 0.0017893
65.991 -14.767 2.4078 -99.677 0.034373 0.99924 0.018585 0.00058151
66.302 -14.744 2.4627 -103.59 0.03448 0.99923 0.01857 -0.00052551
66.613 -14.731 2.5149 -107.47 0.034334 0.99925 0.01772 -0.0015567
66.925 -14.726 2.5637 -111.33 0.034568 0.99922 0.018976 -0.0019731
67.236 -14.72 2.6172 -115.15 0.035063 0.99922 0.018078 -0.0017823
67.548 -14.713 2.6678 -118.92 0.035447 0.99918 0.019273 -0.001374
67.859 -14.703 2.7199 -122.64 0.035387 0.99919 0.018898 -0.0014129
68.171 -14.698 2.7678 -126.29 0.034068 0.99923 0.019436 -0.0029462
68.482 -14.706 2.8175 -129.85 0.033246 0.99926 0.018497 -0.0047971
68.794 -14.725 2.864 -133.3 0.034179 0.99919 0.020504 -0.005008
69.105 -14.746 2.9132 -136.59 0.035268 0.99914 0.021008 -0.0051859
69.417 -14.765 2.9648 -139.7 0.034728 0.99914 0.021728 -0.0068179
69.728 -14.797 3.0068 -142.56 0.03556 0.99908 0.022428 -0.0084345
70.144 -14.819 3.0557 -145.96 0.040974 0.99894 0.021084 0.0012768
70.455 -14.688 3.0791 -148.22 0.04346 0.99822 0.02241 0.034144
70.766 -14.364 3.0878 -150.22 0.043204 0.99546 0.022871 0.081619
71.077 -13.833 3.0866 -151.95 0.044708 0.9878 0.018072 0.14808
71.388 -13.082 3.0468 -153.42 0.045959 0.97171 0.016024 0.23111
71.699 -12.093 2.9929 -154.67 0.045379 0.94504 0.014186 0.32348
71.906 -11.318 2.9472 -155.33 0.044108 0.92035 0.013537 0.38835
72.114 -10.466 2.9016 -155.86 0.040368 0.8902 0.012489 0.45361
72.321 -9.5671 2.8446 -156.28 0.036572 0.85626 0.0098799 0.51516
72.529 -8.642 2.7872 -156.54 0.036521 0.81815 0.0080158 0.57379
72.737 -7.6994 2.7227 -156.66 0.036255 0.77649 0.0040649 0.62907
72.945 -6.7342 2.665 -156.65 0.031358 0.73057 0.0041939 0.68211
73.153 -5.7512 2.6152 -156.54 0.02426 0.68037 0.010084 0.7324
73.361 -4.779 2.5694 -156.24 0.014384 0.62622 0.013185 0.7794
73.569 -3.8383 2.5424 -155.81 0.011754 0.56792 0.014015 0.82288
73.776 -2.9224 2.5307 -155.22 0.008118 0.50667 0.016769 0.86194
73.984 -2.058 2.5104 -154.48 0.0043325 0.44353 0.017384 0.89608
74.193 -1.2685 2.4931 -153.64 0.0054552 0.38128 0.015449 0.92432
74.401 -0.55108 2.4788 -152.63 0.0077392 0.3205 0.01563 0.94709
74.609 0.062307 2.4569 -151.48 0.004622 0.25833 0.014587 0.96593
74.817 0.55236 2.4332 -150.22 0.0028724 0.19473 0.014444 0.98075
75.025 0.91291 2.4106 -148.84 0.0020623 0.13877 0.010586 0.99027
75.234 1.1632 2.3934 -147.35 0.0025836 0.09441 0.0047261 0.99552
75.443 1.3485 2.3719 -145.76 0.0010582 0.059282 0.004331 0.99823
75.651 1.4448 2.3469 -144.07 0.00045016 0.03064 0.0021768 0.99953
75.86 1.4697 2.32 -142.3 0.0012509 0.011616 -0.0028702 0.99993
76.069 1.4713 2.291 -140.45 0.0018755 0.0048529 -0.0071846 0.99996
76.278 1.4893 2.2602 -138.52 0.00088245 0.0039198 -0.0069941 0.99997
76.487 1.5048 2.234 -136.5 0.00049262 0.0024753 -0.0058799 0.99998
76.695 1.5045 2.2057 -134.42 0.00036497 0.00034494 -0.0058626 0.99998
76.904 1.5016 2.1761 -132.26 -0.0014598 -0.0014925 -0.0050865 0.99998
77.112 1.4916 2.1445 -130.04 9.8618e-05 -0.0029165 -0.0045256 0.99999
77.32 1.47 2.1112 -127.74 0.00018371 -0.0038945 -0.0048606 0.99998
77.528 1.4477 2.0738 -125.39 0.0010872 -0.0040539 -0.0051172 0.99998
77.736 1.4264 2.0327 -122.97 0.00047552 -0.0032653 -0.0054226 0.99998
77.944 1.4132 1.9844 -120.49 0.0031756 -0.0015923 -0.0058286 0.99998
78.152 1.4074 1.9273 -117.95 0.004733 -0.0002344 -0.0047398 0.99998
78.36 1.4027 1.8643 -115.35 0.0042525 -0.000827 -0.0036225 0.99998
78.568 1.385 1.8002 -112.69 0.0064761 -0.002653 -0.0037041 0.99997
78.879 1.3305 1.7004 -108.59 0.0051176 -0.0061535 -0.004091 0.99996
79.087 1.2848 1.6359 -105.79 0.0059516 -0.0073678 -0.0035286 0.99995
79.398 1.2022 1.53 -101.48 0.0060949 -0.0084561 -0.0042339 0.99994
79.71 1.1155 1.4362 -97.026 0.0024845 -0.0078856 -0.0047934 0.99995
80.021 1.0366 1.3747 -92.491 -0.0048498 -0.0075431 -0.005627 0.99994
80.333 0.96165 1.3334 -87.973 -0.0053869 -0.0077975 -0.0059944 0.99994
80.644 0.89955 1.2828 -83.454 -0.0054134 -0.0066348 -0.0054348 0.99995
80.956 0.85205 1.2348 -78.942 -0.0043568 -0.0057583 -0.0042859 0.99996
81.267 0.81342 1.1992 -74.432 -0.0073534 -0.0051982 -0.0032702 0.99995
81.578 0.76395 1.1606 -69.956 -0.0034073 -0.0060645 -0.0047986 0.99996
81.89 0.71076 1.1119 -65.489 -0.0038277 -0.0066878 -0.0045973 0.99996
82.201 0.65877 1.0675 -61.045 -0.0050494 -0.0080191 -0.0030897 0.99995
82.512 0.58566 1.0157 -56.628 -0.0058392 -0.0099244 -0.0025763 0.99993
82.824 0.49071 0.98469 -52.237 -0.0053006 -0.011003 -0.003265 0.99992
83.135 0.39285 0.93919 -47.869 -0.0047304 -0.011112 -0.0038092 0.99992
83.447 0.30703 0.89111 -43.526 -0.0048205 -0.010332 -0.0022216 0.99993
83.758 0.22812 0.84361 -39.197 -0.0050045 -0.0091726 -0.0022022 0.99994
83.966 0.1778 0.80634 -36.328 -0.0037035 -0.0082815 -0.0030644 0.99995
84.174 0.13267 0.76829 -33.464 -0.0057376 -0.0073666 -0.004411 0.99995
84.382 0.097461 0.73528 -30.614 -0.0048056 -0.0062106 -0.0047118 0.99996
84.589 0.072241 0.6981 -27.778 -0.0040534 -0.0048247 -0.0042543 0.99997
84.797 0.052569 0.65869 -24.948 -0.0027589 -0.0033843 -0.0045429 0.99998
85.109 0.032329 0.56538 -20.738 0.0017996 -0.0016985 -0.0059477 0.99998
85.316 0.026697 0.49474 -17.944 0.00095778 -0.0011427 -0.0053767 0.99998
85.628 0.023545 0.39876 -13.783 0.00078382 -0.0010437 -0.0039045 0.99999
85.939 0.0089559 0.3016 -9.6547 0.00020233 -0.0024536 -0.0040569 0.99999
86.25 -0.020445 0.21083 -5.548 0.00034196 -0.004227 -0.0038514 0.99998
86.458 -0.044372 0.14733 -2.8185 0.0015888 -0.004531 -0.0035662 0.99998
86.666 -0.072897 0.078169 -0.0907 0.00093693 -0.0048528 -0.0040994 0.99998
86.977 -0.11756 -0.020163 3.988 0.0011192 -0.0051561 -0.0048495 0.99997
87.288 -0.16018 -0.12217 8.0598 0.0016809 -0.0054048 -0.0047926 0.99997
87.496 -0.19261 -0.18704 10.771 0.00047131 -0.0053672 -0.0056011 0.99997
87.703 -0.2231 -0.25345 13.477 0.0010753 -0.005299 -0.0054838 0.99997
87.911 -0.24822 -0.32371 16.181 0.0010793 -0.0052558 -0.0053778 0.99997
88.326 -0.29521 -0.463 21.58 0.0013177 -0.0051332 -0.0047204 0.99997
88.638 -0.33807 -0.56524 25.614 0.0011442 -0.0057528 -0.0050782 0.99997
88.949 -0.38367 -0.66114 29.624 5.1793e-05 -0.0059993 -0.0045458 0.99997
89.261 -0.42701 -0.75666 33.607 0.0004346 -0.0053916 -0.0041222 0.99998
89.883 -0.49749 -0.94036 41.48 -0.0010765 -0.0054075 -0.0021978 0.99998
90.194 -0.5552 -1.0193 45.373 -0.0031502 -0.0068728 -0.0040117 0.99996
90.506 -0.6231 -1.0665 49.249 -0.007457 -0.0081429 -0.0048 0.99993
90.817 -0.70206 -1.1007 53.087 -0.0050767 -0.0096259 -0.0049046 0.99993
91.129 -0.79428 -1.1448 56.902 -0.0049395 -0.011257 -0.0055503 0.99991
91.44 -0.89509 -1.1888 60.695 -0.0050533 -0.012494 -0.0058105 0.99989
91.751 -0.99617 -1.2341 64.458 -0.00453 -0.013519 -0.0042855 0.99989
92.063 -1.1074 -1.2846 68.191 -0.0040002 -0.014275 -0.005376 0.99988
92.374 -1.2271 -1.3381 71.9 -0.0043255 -0.01361 -0.0088313 0.99986
92.685 -1.3182 -1.3878 75.544 -0.0057687 -0.01107 -0.0082924 0.99989
92.996 -1.378 -1.4433 79.037 -0.0062664 -0.0077056 -0.0073302 0.99992
93.308 -1.4073 -1.4955 82.367 -0.0021365 -0.0028465 -0.0074255 0.99997
93.619 -1.3973 -1.5661 85.655 0.00058763 0.00067559 -0.0049431 0.99999
93.931 -1.3856 -1.63 88.919 0.00098266 0.0022399 -0.0051721 0.99998
94.242 -1.3638 -1.7053 92.15 -0.00044864 0.0029476 -0.0046459 0.99998
94.554 -1.3431 -1.7691 95.345 -0.0013966 0.00056018 -0.0020963 1
94.865 -1.358 -1.835 98.508 0.0033472 -0.0050186 -0.0011933 0.99998
95.177 -1.4267 -1.9133 101.71 0.0024255 -0.013014 -0.0021961 0.99991
95.489 -1.5618 -1.9882 104.96 0.0011093 -0.023291 -0.003341 0.99972
95.8 -1.7488 -2.0567 108.25 0.0011818 -0.025289 -0.0094314 0.99964
96.112 -1.897 -2.1231 111.61 0.00080877 -0.017057 -0.01343 0.99976
96.425 -1.9587 -2.1879 115.03 0.001584 -0.003459 -0.014767 0.99988
96.737 -1.9132 -2.2611 118.51 0.00268 0.010663 -0.01285 0.99986
97.049 -1.7814 -2.3381 122.06 0.0016054 0.021298 -0.012115 0.9997
97.361 -1.6021 -2.4109 125.68 0.00078566 0.02824 -0.015452 0.99948
97.672 -1.3749 -2.4806 129.39 0.0022468 0.03055 -0.014137 0.99943
97.984 -1.1353 -2.5526 133.19 0.00045158 0.027289 -0.0075889 0.9996
98.295 -0.94199 -2.6139 137.09 -0.00022062 0.018253 -0.0010408 0.99983
98.606 -0.83268 -2.6749 141.09 -0.0013044 0.0090172 0.00040681 0.99996
98.918 -0.80631 -2.729 145.19 -0.0003881 0.0011058 -0.0014572 1
99.229 -0.83113 -2.811 149.37 0.0046469 -0.0043291 -0.0027401 0.99998
99.54 -0.88186 -2.9227 153.63 0.0041685 -0.0066549 -0.0036142 0.99996
99.852 -0.95059 -3.0303 157.95 0.0019996 -0.0089842 -0.0043645 0.99995
100.16 -1.0394 -3.1295 162.27 0.00059755 -0.011648 -0.0048523 0.99992
100.47 -1.151 -3.2321 166.58 0.0022448 -0.012778 -0.0062785 0.9999
100.79 -1.2625 -3.3378 170.89 0.00063769 -0.012307 -0.007021 0.9999
101.1 -1.3663 -3.4404 175.17 0.00070738 -0.011072 -0.0079504 0.99991
101.41 -1.4534 -3.5471 179.43 0.0021849 -0.0091166 -0.007607 0.99993
101.72 -1.5189 -3.6525 183.66 -0.0013505 -0.0070046 -0.005387 0.99996
102.03 -1.5761 -3.7421 187.85 0.0012578 -0.004826 -0.0065581 0.99997
102.34 -1.6133 -3.8437 192.02 -0.00068942 -0.0036899 -0.0052599 0.99998
102.65 -1.6455 -3.9389 196.15 0.0011853 -0.0039872 -0.0038247 0.99998
102.97 -1.6823 -4.0428 200.25 0.00011894 -0.0042411 -0.0040651 0.99998
103.28 -1.7174 -4.1399 204.32 -0.00022902 -0.0043714 -0.0046504 0.99998
103.59 -1.7464 -4.2388 208.35 0.00066472 -0.0046232 -0.0043302 0.99998
103.9 -1.78 -4.3355 212.35 9.5944e-05 -0.0049136 -0.0043758 0.99998
104.21 -1.815 -4.4286 216.25 -0.0017032 -0.0064516 -0.0036294 0.99997
104.52 -1.8597 -4.515 219.95 -0.0040854 -0.0086604 -0.0039301 0.99995
104.83 -1.9172 -4.5983 223.41 -0.0036858 -0.012197 -0.0037314 0.99991
105.14 -2.0046 -4.6795 226.6 -0.0031222 -0.017277 -0.0040774 0.99984
105.46 -2.106 -4.7554 229.51 -0.0047975 -0.019722 -0.005217 0.99978
105.77 -2.2079 -4.8184 232.13 -0.00474 -0.022262 -0.0049816 0.99973
106.08 -2.315 -4.8816 234.49 -0.00066536 -0.022849 -0.0071461 0.99971
106.39 -2.3912 -4.9431 236.81 0.0011904 -0.01645 -0.0070981 0.99984
106.7 -2.4382 -4.9978 239.1 -3.7585e-05 -0.0099687 -0.0055964 0.99993
107.02 -2.4648 -5.049 241.37 -9.5595e-05 -0.0036919 -0.0054828 0.99998
107.33 -2.4812 -5.0905 243.6 -0.00151 0.00062817 -0.0051468 0.99999
107.64 -2.4932 -5.1318 245.82 0.0022548 0.0019588 -0.0054369 0.99998
107.95 -2.4986 -5.1826 248.07 0.0032022 0.0016914 -0.004732 0.99998
108.26 -2.5085 -5.2378 250.37 0.0050463 0.0012753 -0.0045827 0.99998
108.57 -2.5085 -5.2892 252.71 0.00191 0.0027428 -0.0047118 0.99998
108.89 -2.492 -5.3362 255.1 0.0020622 0.0059606 -0.003995 0.99997
109.2 -2.4616 -5.3927 257.53 0.0041263 0.0098346 -0.0055627 0.99993
109.51 -2.3981 -5.4516 260.01 0.0025559 0.012753 -0.0023029 0.99991
109.82 -2.3316 -5.5135 262.54 0.0063907 0.01519 -0.0040877 0.99986
110.14 -2.2489 -5.585 265.17 0.0043786 0.01799 -0.0053014 0.99981
110.34 -2.181 -5.6328 266.96 0.0047164 0.018276 -0.0042343 0.99981
110.66 -2.073 -5.7105 269.71 0.0038328 0.018508 -0.0025952 0.99982
110.97 -1.9772 -5.7869 272.52 0.0021491 0.017811 -0.0024814 0.99984
111.28 -1.9033 -5.8628 275.32 0.0031474 0.014502 -0.0033837 0.99988
111.59 -1.8602 -5.9401 278.12 0.0022408 0.010515 -0.0053171 0.99993
111.9 -1.8349 -6.0118 280.91 0.0001676 0.0071052 -0.0055379 0.99996
112.21 -1.8204 -6.076 283.66 0.00031119 0.0046375 -0.0051502 0.99998
112.53 -1.8213 -6.1401 286.36 -0.00049386 0.0025465 -0.0055034 0.99998
112.84 -1.8358 -6.209 288.89 0.002308 0.0016563 -0.008631 0.99996
113.15 -1.8438 -6.2816 291.37 0.0040175 0.0020678 -0.011304 0.99993
113.46 -1.8402 -6.3607 293.81 0.0050743 0.0040831 -0.013458 0.99989
113.77 -1.8238 -6.4403 296.23 0.0024233 0.0050815 -0.01312 0.9999
114.09 -1.812 -6.5065 298.62 0.00017611 0.0029393 -0.011684 0.99993
