0 5.5511e-17 0 2.2204e-16 1.7813e-10 -8.5232e-11 5.9881e-12 1
0.20736 0.03879 -0.015138 0.58073 -0.00071264 0.0092853 0.0025774 0.99995
0.41448 0.065151 -0.024741 1.1852 0.00087633 0.0094932 0.0047401 0.99994
0.62171 0.069768 -0.034402 1.8243 0.0025491 0.00023418 0.0070261 0.99997
0.9325 0.0034151 -0.06305 2.8755 0.003053 -0.02709 0.0025167 0.99963
1.3474 -0.19312 -0.094804 4.4184 0.0022595 -0.066698 0.002986 0.99777
1.6592 -0.44103 -0.12306 5.6831 0.0021113 -0.087772 0.0022656 0.99614
1.8671 -0.62239 -0.13989 6.5869 0.0041481 -0.096873 0.0037036 0.99528
2.0764 -0.83481 -0.16043 7.5484 0.0063448 -0.10475 0.0032865 0.99447
2.2831 -1.0529 -0.18705 8.555 0.0073999 -0.11274 0.0081895 0.99356
2.4911 -1.318 -0.21944 9.6076 0.010591 -0.12154 0.0061471 0.99251
2.6992 -1.6009 -0.27366 10.7 0.013222 -0.13028 0.0052356 0.99138
2.9072 -1.9029 -0.32793 11.829 0.015508 -0.1388 0.0062092 0.99018
3.1152 -2.2473 -0.38629 13.001 0.019821 -0.14688 0.0053615 0.98894
3.4275 -2.8194 -0.47814 14.842 0.032122 -0.15409 0.0043965 0.98752
3.6355 -3.2373 -0.57014 16.125 0.040581 -0.15835 0.0024348 0.98655
3.8435 -3.7036 -0.69685 17.442 0.047317 -0.16343 -0.00052282 0.98542
4.1553 -4.4666 -0.9234 19.497 0.053103 -0.17108 -0.0051299 0.98381
4.4678 -5.2853 -1.1749 21.655 0.051106 -0.18118 -0.0055947 0.98211
4.7788 -6.215 -1.439 23.879 0.044623 -0.1944 -0.0080752 0.97987
5.0904 -7.2462 -1.6858 26.147 0.042013 -0.20857 -0.010624 0.97705
5.402 -8.3623 -1.9158 28.469 0.039695 -0.22208 -0.010877 0.97416
5.7136 -9.5807 -2.13 30.864 0.032818 -0.23465 -0.011285 0.97146
6.0253 -10.895 -2.3195 33.317 0.030392 -0.24538 -0.010483 0.96889
6.3369 -12.302 -2.5053 35.844 0.029421 -0.25322 -0.0088255 0.96692
6.6487 -13.785 -2.7073 38.517 0.028391 -0.25515 -0.0090346 0.96644
6.9604 -15.335 -2.9091 41.265 0.027908 -0.25713 -0.0060935 0.96595
7.2719 -16.945 -3.1089 44.035 0.022441 -0.26338 -0.0048245 0.96442
7.5839 -18.619 -3.2985 46.766 0.023418 -0.2775 -0.0016529 0.96044
7.8946 -20.434 -3.4653 49.433 0.018892 -0.29261 -0.0049424 0.95603
8.2062 -22.299 -3.635 52.012 0.02601 -0.30165 -0.0048683 0.95305
8.5179 -24.201 -3.8225 54.597 0.021936 -0.3099 -0.0056791 0.9505
8.8299 -26.148 -3.9716 57.17 0.021721 -0.31767 -0.0062735 0.94793
9.1411 -28.16 -4.1261 59.696 0.022316 -0.32774 -0.004727 0.94449
9.3488 -29.541 -4.2483 61.361 0.022499 -0.33556 -0.0045512 0.94174
9.5563 -30.958 -4.3691 63.018 0.023164 -0.34382 -0.0036226 0.93874
9.7649 -32.417 -4.4954 64.67 0.024088 -0.35241 -0.0023764 0.93553
9.9711 -33.902 -4.6218 66.294 0.022978 -0.36122 -0.0016431 0.9322
10.179 -35.453 -4.7595 67.891 0.0225 -0.37008 -0.00065575 0.92873
10.386 -37.055 -4.9062 69.473 0.023537 -0.37856 -0.00074447 0.92528
10.594 -38.693 -5.0579 71.053 0.023295 -0.38546 -0.0015837 0.92243
10.801 -40.352 -5.2142 72.623 0.025046 -0.39201 -0.0009971 0.91962
11.009 -42.047 -5.3695 74.185 0.026779 -0.39849 -0.00010834 0.91678
11.216 -43.784 -5.527 75.736 0.025342 -0.40482 -0.00025793 0.91405
11.424 -45.538 -5.6771 77.278 0.02512 -0.41097 0.00083285 0.9113
11.631 -47.334 -5.8248 78.825 0.024594 -0.41605 0.0018488 0.90901
11.839 -49.152 -5.9785 80.361 0.024846 -0.42097 0.0053765 0.90672
12.046 -51.002 -6.1534 81.891 0.023964 -0.42768 0.010436 0.90355
12.254 -52.896 -6.3268 83.397 0.021676 -0.43778 0.01407 0.89871
12.461 -54.849 -6.4959 84.862 0.019932 -0.44802 0.013528 0.8937
12.668 -56.845 -6.6607 86.285 0.021566 -0.45885 0.014627 0.88813
12.876 -58.881 -6.8373 87.676 0.020902 -0.46972 0.016223 0.88242
13.083 -60.964 -7.0151 89.027 0.019599 -0.48078 0.016872 0.87646
13.291 -63.095 -7.1928 90.329 0.021094 -0.49139 0.017069 0.87052
13.498 -65.268 -7.3748 91.585 0.022074 -0.50139 0.016722 0.86478
13.809 -68.606 -7.6436 93.408 0.019908 -0.5136 0.015668 0.85765
14.017 -70.858 -7.82 94.583 0.020585 -0.52067 0.019005 0.8533
14.225 -73.131 -8.0119 95.728 0.022029 -0.52619 0.021774 0.8498
14.431 -75.403 -8.2095 96.844 0.01922 -0.53048 0.022545 0.84718
14.742 -78.807 -8.487 98.476 0.014848 -0.53523 0.023897 0.84424
15.054 -82.18 -8.7414 100.06 0.011551 -0.53854 0.025424 0.84214
15.365 -85.462 -8.9965 101.55 0.00764 -0.54189 0.027256 0.83997
15.677 -88.683 -9.2276 102.98 0.007451 -0.5436 0.029395 0.8388
15.988 -91.823 -9.4626 104.33 0.010233 -0.54062 0.027777 0.84075
16.196 -93.871 -9.6093 105.26 0.011634 -0.53557 0.027104 0.84398
16.507 -96.882 -9.8189 106.71 0.011875 -0.52435 0.0251 0.85105
16.715 -98.843 -9.9581 107.72 0.012914 -0.51509 0.024408 0.85669
16.923 -100.75 -10.094 108.78 0.016106 -0.50436 0.023879 0.86301
17.131 -102.64 -10.217 109.9 0.0162 -0.49187 0.021384 0.87025
17.338 -104.47 -10.326 111.06 0.015454 -0.47932 0.020284 0.87727
17.546 -106.26 -10.427 112.26 0.016251 -0.46729 0.020688 0.88371
17.753 -107.98 -10.539 113.47 0.016194 -0.45538 0.021868 0.88988
17.961 -109.64 -10.655 114.71 0.014165 -0.44381 0.02002 0.89579
18.168 -111.24 -10.77 115.96 0.015057 -0.43227 0.018312 0.90143
18.375 -112.78 -10.884 117.23 0.016299 -0.42116 0.017555 0.90667
18.583 -114.29 -10.997 118.49 0.01453 -0.41029 0.016257 0.91169
18.687 -115.02 -11.051 119.13 0.013969 -0.40518 0.016216 0.91399
18.79 -115.73 -11.104 119.77 0.014465 -0.40031 0.015737 0.91613
18.894 -116.43 -11.156 120.41 0.014408 -0.39554 0.015216 0.91821
19.102 -117.79 -11.243 121.69 0.012475 -0.3858 0.013296 0.9224
19.309 -119.08 -11.326 122.95 0.012367 -0.37566 0.01214 0.9266
19.517 -120.31 -11.406 124.21 0.011228 -0.36401 0.0094676 0.93128
19.726 -121.47 -11.478 125.51 0.010195 -0.3501 0.0070762 0.93663
19.932 -122.56 -11.543 126.79 0.011621 -0.33564 0.0065714 0.9419
20.14 -123.61 -11.608 128.12 0.011181 -0.32023 0.0059045 0.94726
20.347 -124.61 -11.67 129.46 0.0088956 -0.30421 0.0049925 0.95255
20.555 -125.56 -11.736 130.85 0.0066101 -0.28947 0.0047762 0.95715
20.763 -126.46 -11.808 132.26 0.0054652 -0.27702 0.0054576 0.96083
20.97 -127.33 -11.865 133.69 0.0054046 -0.26452 0.0042234 0.96435
21.178 -128.17 -11.918 135.16 0.0053215 -0.25259 0.003956 0.96755
21.385 -128.98 -11.95 136.67 0.0059228 -0.24284 0.0050169 0.97004
21.592 -129.8 -11.976 138.22 0.0041708 -0.23582 0.0042573 0.97178
21.8 -130.62 -11.999 139.82 0.0010457 -0.22883 0.0013516 0.97346
22.007 -131.44 -12.012 141.46 -0.00060639 -0.22155 -0.00051116 0.97515
22.215 -132.25 -12.019 143.17 -0.0031137 -0.21381 -0.00067879 0.97687
22.423 -133.05 -12.023 144.93 -0.0036256 -0.20516 -0.00016196 0.97872
22.63 -133.83 -12.025 146.75 -0.0031675 -0.19525 0.0018641 0.98075
22.838 -134.59 -12.037 148.63 -0.0013222 -0.18252 0.0015635 0.9832
23.046 -135.29 -12.061 150.59 -0.002986 -0.16418 -0.0021905 0.98642
23.254 -135.91 -12.075 152.61 -0.003975 -0.14264 -0.0045202 0.98976
23.462 -136.45 -12.093 154.72 -0.0057241 -0.12023 -0.0052311 0.99272
23.669 -136.9 -12.098 156.89 -0.0095098 -0.097421 -0.0069582 0.99517
23.877 -137.27 -12.089 159.12 -0.01137 -0.07449 -0.0088858 0.99712
24.085 -137.54 -12.065 161.42 -0.0097434 -0.052583 -0.0086721 0.99853
24.397 -137.77 -12.017 165 -0.012454 -0.021783 -0.00866 0.99965
24.708 -137.8 -11.972 168.69 -0.012995 0.0094032 -0.010871 0.99981
25.019 -137.6 -11.942 172.46 -0.010426 0.039198 -0.01286 0.99909
25.331 -137.18 -11.95 176.31 -0.0057556 0.068165 -0.01357 0.99757
25.642 -136.52 -12.011 180.23 0.0015283 0.095427 -0.015914 0.99531
25.953 -135.64 -12.123 184.22 0.0026097 0.12238 -0.016392 0.99234
26.264 -134.53 -12.267 188.23 0.0072443 0.14815 -0.016986 0.98879
26.575 -133.2 -12.416 192.27 0.0099466 0.17533 -0.019855 0.98426
26.887 -131.62 -12.613 196.3 0.016135 0.20321 -0.020499 0.97879
27.094 -130.41 -12.783 198.97 0.017639 0.227 -0.023158 0.97346
27.302 -129.06 -12.973 201.62 0.019087 0.25418 -0.026992 0.96659
27.614 -126.73 -13.295 205.45 0.021461 0.29421 -0.029242 0.95505
27.821 -124.99 -13.537 207.9 0.026198 0.31992 -0.029528 0.94662
28.133 -122.13 -13.953 211.42 0.029862 0.35492 -0.029548 0.93395
28.444 -119 -14.397 214.75 0.033741 0.38501 -0.028843 0.92184
28.651 -116.8 -14.718 216.87 0.037273 0.40371 -0.029078 0.91366
28.859 -114.5 -15.06 218.9 0.037207 0.4227 -0.029615 0.90502
29.066 -112.14 -15.399 220.83 0.034056 0.4427 -0.031794 0.89546
29.273 -109.74 -15.733 222.62 0.03319 0.46199 -0.034269 0.8856
29.481 -107.31 -16.067 224.28 0.032574 0.48139 -0.036494 0.87514
29.688 -104.83 -16.395 225.8 0.029442 0.50253 -0.036416 0.86329
29.895 -102.33 -16.709 227.16 0.02739 0.52327 -0.036009 0.85096
30.103 -99.815 -17.011 228.38 0.027432 0.54291 -0.035149 0.8386
30.31 -97.288 -17.311 229.45 0.029363 0.56173 -0.033704 0.82612
30.518 -94.765 -17.602 230.39 0.028602 0.57991 -0.032386 0.81353
30.725 -92.274 -17.903 231.21 0.033443 0.5963 -0.037373 0.80119
30.933 -89.807 -18.225 231.91 0.03568 0.61207 -0.04307 0.78882
31.14 -87.356 -18.559 232.51 0.03299 0.62803 -0.046198 0.77611
31.348 -84.924 -18.888 232.99 0.031253 0.64312 -0.047171 0.76367
31.555 -82.51 -19.209 233.37 0.031295 0.65739 -0.047429 0.7514
31.763 -80.132 -19.528 233.67 0.031036 0.67165 -0.05107 0.73845
31.97 -77.778 -19.847 233.86 0.028818 0.68383 -0.04865 0.72745
32.178 -75.468 -20.15 233.98 0.02682 0.69375 -0.045713 0.71826
32.385 -73.222 -20.438 234.05 0.027839 0.70061 -0.046772 0.71146
32.593 -71.023 -20.725 234.09 0.028737 0.70499 -0.049386 0.70691
32.8 -68.882 -21.021 234.1 0.033086 0.70819 -0.054381 0.70315
33.007 -66.744 -21.306 234.09 0.026564 0.7109 -0.047222 0.7012
33.215 -64.659 -21.562 234.08 0.026121 0.71143 -0.046449 0.70073
33.422 -62.612 -21.818 234.07 0.02765 0.71054 -0.048994 0.7014
33.629 -60.588 -22.076 234.08 0.027342 0.70859 -0.050815 0.70326
33.837 -58.59 -22.334 234.11 0.027173 0.7055 -0.05317 0.70619
34.045 -56.593 -22.594 234.15 0.025811 0.70106 -0.051855 0.71075
34.252 -54.631 -22.849 234.22 0.027464 0.6958 -0.05074 0.71592
34.459 -52.669 -23.104 234.32 0.026523 0.69086 -0.050458 0.72074
34.77 -49.752 -23.478 234.52 0.025393 0.68347 -0.04936 0.72786
34.978 -47.829 -23.718 234.69 0.027056 0.67834 -0.050285 0.73252
35.289 -44.96 -24.089 234.99 0.026299 0.67078 -0.052176 0.73935
35.497 -43.057 -24.336 235.22 0.024292 0.6661 -0.051072 0.74371
35.808 -40.227 -24.687 235.62 0.025758 0.65828 -0.050284 0.75065
36.119 -37.437 -25.036 236.07 0.028653 0.64748 -0.051004 0.75983
36.431 -34.672 -25.379 236.6 0.025435 0.64073 -0.051946 0.76558
36.742 -31.872 -25.716 237.16 0.027358 0.63727 -0.052827 0.76834
36.95 -29.981 -25.952 237.54 0.028484 0.63466 -0.051893 0.77052
37.157 -28.078 -26.2 237.94 0.028372 0.63184 -0.05133 0.77288
37.365 -26.164 -26.452 238.36 0.027349 0.62892 -0.048386 0.77548
37.676 -23.288 -26.818 239.01 0.030012 0.62165 -0.048158 0.78124
37.987 -20.42 -27.182 239.74 0.030867 0.61158 -0.045701 0.78926
38.195 -18.528 -27.423 240.27 0.033116 0.60252 -0.044131 0.79619
38.506 -15.717 -27.783 241.16 0.031313 0.58881 -0.044314 0.80645
38.713 -13.865 -28.023 241.81 0.031715 0.5797 -0.046099 0.8129
38.921 -12.028 -28.267 242.5 0.029731 0.57149 -0.0466 0.81875
39.128 -10.202 -28.505 243.22 0.028586 0.56457 -0.045878 0.82361
39.336 -8.3984 -28.738 243.97 0.027155 0.55755 -0.046178 0.82841
39.544 -6.6159 -28.968 244.74 0.028213 0.55027 -0.047244 0.83317
39.751 -4.8639 -29.196 245.54 0.027183 0.54273 -0.046342 0.83819
39.959 -3.1383 -29.414 246.37 0.025131 0.53486 -0.044627 0.84338
40.166 -1.4452 -29.618 247.22 0.022787 0.52675 -0.044567 0.84854
40.374 0.21833 -29.813 248.11 0.021529 0.51885 -0.044788 0.85342
40.581 1.8592 -30.004 249.02 0.020736 0.51075 -0.045014 0.8583
40.789 3.472 -30.185 249.95 0.021111 0.50246 -0.044919 0.86317
40.996 5.0695 -30.363 250.91 0.019947 0.49452 -0.044158 0.86781
41.204 6.6574 -30.535 251.91 0.017566 0.48873 -0.042904 0.8712
41.412 8.2351 -30.708 252.95 0.014096 0.48516 -0.042118 0.87329
41.619 9.8016 -30.888 254.03 0.012131 0.48301 -0.040785 0.87458
41.827 11.369 -31.058 255.11 0.013299 0.48132 -0.04176 0.87545
42.034 12.953 -31.226 256.18 0.013507 0.47953 -0.041206 0.87645
42.242 14.548 -31.392 257.24 0.012673 0.47818 -0.038059 0.87735
42.45 16.149 -31.54 258.32 0.0094582 0.47711 -0.036306 0.87804
42.657 17.751 -31.678 259.4 0.0093172 0.47647 -0.036067 0.8784
42.968 20.189 -31.881 261.03 0.0066864 0.47577 -0.034971 0.87885
43.28 22.648 -32.067 262.67 0.004268 0.47451 -0.033298 0.87961
43.591 25.099 -32.239 264.31 0.0017684 0.47218 -0.031043 0.88095
43.798 26.718 -32.345 265.4 0.00069144 0.46961 -0.03038 0.88235
44.11 29.14 -32.488 267.07 -0.0023346 0.46254 -0.026746 0.88619
44.422 31.515 -32.611 268.79 -0.0022323 0.45284 -0.02631 0.8912
44.628 33.067 -32.681 269.95 -0.0050065 0.44546 -0.024303 0.89496
44.94 35.374 -32.769 271.76 -0.0038912 0.43138 -0.021773 0.9019
45.251 37.619 -32.847 273.66 -0.0050975 0.41542 -0.01975 0.9094
45.458 39.097 -32.89 275 -0.0069644 0.40444 -0.019186 0.91434
45.769 41.291 -32.933 277.1 -0.012499 0.38801 -0.015445 0.92144
45.977 42.728 -32.941 278.55 -0.012428 0.37621 -0.011228 0.92638
46.184 44.139 -32.941 280.06 -0.012848 0.363 -0.0083456 0.93166
46.495 46.188 -32.92 282.43 -0.016005 0.34329 -0.0059124 0.93908
46.806 48.162 -32.884 284.91 -0.017486 0.32404 -0.0042614 0.94587
47.118 50.056 -32.834 287.5 -0.019414 0.30936 -0.0076836 0.95072
47.326 51.294 -32.801 289.27 -0.020182 0.30025 -0.0098406 0.9536
47.533 52.504 -32.758 291.09 -0.02471 0.29199 -0.012766 0.95602
47.741 53.694 -32.704 292.94 -0.027494 0.28504 -0.016276 0.95798
47.948 54.875 -32.652 294.81 -0.026829 0.28063 -0.01932 0.95925
48.156 56.054 -32.609 296.69 -0.022667 0.27867 -0.023431 0.95983
48.364 57.247 -32.576 298.6 -0.023308 0.27765 -0.023839 0.9601
48.571 58.446 -32.543 300.51 -0.023702 0.27683 -0.023181 0.96035
48.883 60.252 -32.5 303.41 -0.021612 0.27474 -0.021856 0.96103
49.194 62.044 -32.464 306.33 -0.022287 0.26823 -0.019731 0.9629
49.401 63.201 -32.441 308.3 -0.021931 0.25875 -0.017846 0.96553
49.609 64.306 -32.416 310.3 -0.022387 0.24651 -0.018052 0.96871
49.816 65.35 -32.386 312.31 -0.023793 0.23375 -0.018617 0.97183
50.127 66.807 -32.329 315.36 -0.024817 0.21407 -0.017168 0.97635
50.438 68.116 -32.266 318.46 -0.025503 0.1942 -0.020694 0.98041
50.75 69.297 -32.196 321.58 -0.026867 0.17998 -0.026467 0.98295
50.957 70.064 -32.147 323.66 -0.026427 0.17475 -0.025774 0.98392
51.165 70.818 -32.101 325.74 -0.025625 0.16979 -0.023912 0.98486
51.373 71.544 -32.061 327.82 -0.023765 0.16453 -0.022725 0.98582
51.58 72.24 -32.024 329.91 -0.022624 0.15863 -0.023691 0.98679
51.788 72.907 -31.989 332.01 -0.02532 0.1514 -0.024248 0.98785
51.995 73.538 -31.946 334.11 -0.025987 0.14524 -0.024541 0.98875
52.202 74.154 -31.91 336.19 -0.022762 0.14099 -0.02172 0.98951
52.41 74.751 -31.874 338.26 -0.023678 0.1399 -0.021876 0.98964
52.618 75.339 -31.845 340.28 -0.025453 0.14734 -0.026522 0.9884
52.826 75.962 -31.817 342.23 -0.026032 0.15917 -0.02857 0.98649
53.033 76.614 -31.789 344.11 -0.026395 0.16817 -0.026343 0.98505
53.241 77.264 -31.761 345.92 -0.024634 0.17273 -0.025131 0.98434
53.448 77.906 -31.735 347.71 -0.022696 0.17137 -0.023229 0.98467
53.759 78.805 -31.689 350.39 -0.021159 0.15764 -0.018632 0.98709
54.07 79.572 -31.641 353.08 -0.020798 0.13229 -0.013684 0.9909
54.381 80.147 -31.591 355.78 -0.018987 0.097516 -0.011583 0.99499
54.692 80.487 -31.542 358.51 -0.016191 0.055978 -0.012247 0.99823
55.003 80.579 -31.494 361.26 -0.015948 0.0099084 -0.012183 0.99975
55.314 80.422 -31.458 364.02 -0.013272 -0.033078 -0.013505 0.99927
55.626 80.078 -31.415 366.82 -0.017505 -0.058236 -0.020828 0.99793
55.938 79.684 -31.355 369.66 -0.011098 -0.06313 -0.024562 0.99764
56.251 79.306 -31.324 372.59 -0.010617 -0.05927 -0.02569 0.99785
56.563 78.962 -31.306 375.59 -0.0049714 -0.055744 -0.022271 0.99818
56.874 78.609 -31.304 378.71 -0.0054392 -0.053636 -0.022796 0.99829
57.082 78.364 -31.3 380.85 -0.006096 -0.053345 -0.024583 0.99825
57.29 78.109 -31.295 383.02 -0.0056 -0.053934 -0.026309 0.99818
57.497 77.853 -31.303 385.22 -0.0030382 -0.055245 -0.026208 0.99812
57.704 77.592 -31.324 387.45 -0.002423 -0.059083 -0.023012 0.99798
57.912 77.304 -31.348 389.67 -0.0034138 -0.067204 -0.018245 0.99757
58.119 76.971 -31.377 391.89 -0.00209 -0.07714 -0.01521 0.9969
58.327 76.589 -31.409 394.1 -0.0016581 -0.086631 -0.013936 0.99614
58.534 76.164 -31.44 396.31 -0.0022757 -0.096021 -0.01311 0.99529
58.742 75.698 -31.474 398.49 -0.00045844 -0.10485 -0.013787 0.99439
58.949 75.202 -31.515 400.64 0.00025724 -0.11289 -0.01369 0.99351
59.157 74.688 -31.565 402.78 0.00096099 -0.11944 -0.01303 0.99276
59.364 74.157 -31.618 404.9 0.0033126 -0.12517 -0.0099277 0.99208
59.572 73.595 -31.669 407.02 0.0060327 -0.13119 -0.0052173 0.99133
59.779 73.002 -31.724 409.14 0.0044134 -0.13615 -0.0037012 0.99067
59.987 72.387 -31.779 411.26 0.0045976 -0.13946 -0.0048913 0.9902
60.298 71.452 -31.842 414.45 -0.00038668 -0.14209 -0.0025102 0.98985
60.61 70.517 -31.886 417.66 -0.0015018 -0.14367 0.0045732 0.98961
60.921 69.555 -31.93 420.88 -0.0021335 -0.14537 0.0075509 0.98935
61.233 68.567 -31.97 424.1 -0.005133 -0.14702 0.005205 0.98911
61.44 67.907 -31.987 426.23 -0.0068432 -0.1471 0.0028352 0.98909
61.752 66.945 -31.998 429.43 -0.0093725 -0.14474 0.0019151 0.98942
61.959 66.313 -32.003 431.55 -0.011561 -0.14321 0.00031262 0.98962
62.27 65.392 -32.008 434.72 -0.012018 -0.14096 -0.00089986 0.98994
62.582 64.502 -32.001 437.86 -0.016309 -0.1393 0.0013436 0.99012
62.893 63.635 -31.974 440.95 -0.017542 -0.13766 0.0046014 0.99031
63.1 63.068 -31.952 443 -0.018541 -0.13743 0.0080015 0.9903
63.411 62.235 -31.923 446.02 -0.019721 -0.13762 0.0095337 0.99024
63.619 61.681 -31.9 448.01 -0.021276 -0.13807 0.0095693 0.99015
63.93 60.86 -31.859 450.94 -0.021023 -0.13856 0.010248 0.99008
64.241 60.047 -31.801 453.82 -0.022833 -0.13951 0.01095 0.9899
64.552 59.228 -31.715 456.66 -0.023801 -0.13966 0.0087275 0.98987
64.864 58.411 -31.627 459.45 -0.026874 -0.1396 0.0074014 0.98982
65.175 57.595 -31.516 462.22 -0.032666 -0.14156 0.0076904 0.98936
65.486 56.785 -31.391 464.94 -0.035629 -0.14429 0.010089 0.98884
65.694 56.244 -31.311 466.73 -0.036376 -0.14589 0.010729 0.98857
66.005 55.443 -31.189 469.36 -0.037156 -0.14516 0.01117 0.98865
66.316 54.686 -31.068 471.91 -0.03859 -0.14406 0.014237 0.98871
66.627 53.958 -30.951 474.34 -0.036123 -0.1431 0.015479 0.98893
66.938 53.257 -30.842 476.67 -0.035036 -0.14182 0.015166 0.98916
67.25 52.582 -30.737 478.96 -0.034122 -0.13862 0.016132 0.98963
67.561 51.956 -30.639 481.26 -0.033462 -0.12762 0.015377 0.99114
67.873 51.413 -30.526 483.57 -0.04067 -0.10653 0.011651 0.99341
68.185 51.014 -30.387 485.9 -0.042604 -0.074999 0.0085941 0.99624
68.497 50.813 -30.238 488.25 -0.043586 -0.035752 0.0083982 0.99837
68.808 50.798 -30.093 490.61 -0.04213 0.0044958 0.009078 0.99906
69.12 50.979 -29.942 492.98 -0.043874 0.043481 0.011929 0.99802
69.431 51.345 -29.782 495.37 -0.043841 0.081471 0.013829 0.99561
69.742 51.889 -29.622 497.74 -0.04134 0.11628 0.015325 0.99224
70.054 52.577 -29.459 500.13 -0.040282 0.14525 0.015423 0.98845
70.261 53.115 -29.349 501.73 -0.039731 0.16334 0.015544 0.98565
70.572 54.049 -29.187 504.1 -0.040368 0.19118 0.01698 0.98058
70.78 54.755 -29.083 505.67 -0.041073 0.20897 0.016616 0.97692
70.987 55.519 -28.975 507.21 -0.037926 0.2263 0.016975 0.97317
71.194 56.331 -28.872 508.75 -0.036981 0.24466 0.01305 0.96881
71.402 57.221 -28.769 510.26 -0.038591 0.26543 0.012195 0.96328
71.713 58.704 -28.62 512.43 -0.040727 0.30076 0.012372 0.95275
71.921 59.789 -28.517 513.82 -0.040507 0.32699 0.01327 0.94407
72.128 60.941 -28.414 515.12 -0.039929 0.35237 0.015459 0.93488
72.336 62.148 -28.313 516.35 -0.040106 0.37624 0.017391 0.92549
72.543 63.41 -28.215 517.52 -0.038632 0.39665 0.018094 0.91698
72.854 65.398 -28.059 519.22 -0.040801 0.42307 0.019684 0.90497
73.165 67.497 -27.884 520.81 -0.040457 0.44915 0.020158 0.89231
73.476 69.721 -27.698 522.31 -0.045301 0.47779 0.020684 0.87706
73.788 72.068 -27.496 523.64 -0.043305 0.50929 0.022575 0.85921
74.099 74.549 -27.295 524.81 -0.041516 0.5416 0.026615 0.83919
74.307 76.272 -27.158 525.49 -0.041198 0.56315 0.026516 0.8249
74.618 78.958 -26.96 526.38 -0.041019 0.59542 0.023531 0.80202
74.825 80.812 -26.829 526.85 -0.041642 0.6169 0.023369 0.78559
75.033 82.715 -26.694 527.21 -0.039854 0.63809 0.02506 0.76852
75.24 84.662 -26.552 527.5 -0.039391 0.65821 0.026817 0.75133
75.447 86.634 -26.409 527.67 -0.037459 0.67714 0.026678 0.73441
75.655 88.644 -26.269 527.75 -0.038165 0.69539 0.027615 0.71708
75.862 90.686 -26.124 527.74 -0.039623 0.71258 0.029076 0.69987
76.07 92.742 -25.979 527.63 -0.039806 0.72983 0.027229 0.68193
76.277 94.812 -25.836 527.41 -0.038908 0.74684 0.026269 0.66334
76.484 96.892 -25.691 527.08 -0.038537 0.76258 0.027998 0.64514
76.692 98.976 -25.549 526.67 -0.035321 0.77658 0.028197 0.6284
76.899 101.06 -25.413 526.16 -0.03547 0.78948 0.02747 0.61213
77.106 103.15 -25.285 525.56 -0.034495 0.8025 0.02462 0.59515
77.314 105.23 -25.165 524.86 -0.035759 0.81492 0.022204 0.57804
77.521 107.31 -25.047 524.08 -0.037198 0.82664 0.022215 0.56106
77.728 109.36 -24.919 523.2 -0.037391 0.83607 0.023516 0.54684
77.936 111.41 -24.791 522.27 0.033971 -0.84206 -0.024165 -0.53777
78.143 113.46 -24.661 521.28 0.029884 -0.84536 -0.027546 -0.53265
78.35 115.52 -24.525 520.28 0.027546 -0.84687 -0.031054 -0.53018
78.558 117.62 -24.382 519.26 0.02868 -0.84749 -0.032579 -0.52904
78.766 119.74 -24.226 518.24 0.031648 -0.84808 -0.034778 -0.52778
78.972 121.86 -24.065 517.2 0.030845 -0.84869 -0.034238 -0.52688
79.18 124 -23.907 516.14 0.0286 -0.84925 -0.034127 -0.52611
79.387 126.17 -23.754 515.06 0.028533 -0.84991 -0.034668 -0.52502
79.595 128.36 -23.588 513.97 0.030624 -0.85047 -0.036645 -0.52386
79.802 130.56 -23.411 512.86 0.031057 -0.85106 -0.037532 -0.52281
80.01 132.79 -23.232 511.74 0.029798 -0.85155 -0.037448 -0.52209
80.217 135.03 -23.053 510.6 0.028463 -0.85166 -0.037347 -0.52199
80.528 138.45 -22.782 508.89 0.029436 -0.85158 -0.036079 -0.52216
80.84 141.93 -22.525 507.14 0.027182 -0.85151 -0.035078 -0.52246
81.151 145.48 -22.256 505.36 0.02842 -0.85172 -0.035713 -0.522
81.462 149.08 -21.982 503.55 0.029693 -0.85196 -0.035817 -0.52153
81.877 153.97 -21.611 501.08 0.028405 -0.85238 -0.036244 -0.5209
82.188 157.7 -21.318 499.21 0.031391 -0.85268 -0.03338 -0.52041
82.499 161.46 -21.027 497.33 0.035015 -0.85296 -0.031183 -0.51986
82.81 165.22 -20.741 495.42 0.03028 -0.85267 -0.03429 -0.52044
83.225 170.24 -20.358 492.87 0.031856 -0.85242 -0.035613 -0.52067
83.537 174 -20.075 490.95 0.027193 -0.85226 -0.035923 -0.52118
83.848 177.78 -19.792 489.06 0.032403 -0.85122 -0.038071 -0.52243
84.159 181.54 -19.491 487.2 0.032431 -0.84951 -0.034487 -0.52544
84.574 186.54 -19.128 484.75 0.033729 -0.84838 -0.034096 -0.52722
84.885 190.26 -18.84 482.92 0.032766 -0.84893 -0.032701 -0.52648
85.197 193.96 -18.572 481.08 0.029919 -0.85066 -0.033353 -0.5238
85.508 197.61 -18.297 479.24 0.031002 -0.85323 -0.035751 -0.51938
85.819 201.2 -18.021 477.38 0.027181 -0.85572 -0.034628 -0.51556
86.13 204.75 -17.761 475.5 0.030676 -0.85807 -0.034613 -0.51145
86.441 208.18 -17.504 473.65 0.033275 -0.86007 -0.034628 -0.50791
86.752 211.46 -17.257 471.85 0.035326 -0.86149 -0.034412 -0.50538
87.063 214.58 -17.023 470.14 0.038486 -0.86188 -0.03237 -0.50461
87.375 217.53 -16.804 468.53 0.039627 -0.85934 -0.031144 -0.50892
87.582 219.44 -16.663 467.53 0.039716 -0.85467 -0.031158 -0.51671
87.789 221.33 -16.522 466.6 0.039167 -0.84714 -0.030955 -0.52903
87.997 223.21 -16.382 465.75 0.040265 -0.83779 -0.028252 -0.54377
88.204 225.09 -16.251 464.99 -0.040221 0.82778 0.025025 0.55905
88.515 227.95 -16.058 463.99 -0.041512 0.81036 0.023078 0.58401
88.722 229.88 -15.919 463.42 -0.044805 0.79809 0.024067 0.60039
88.93 231.85 -15.768 462.95 -0.048654 0.7853 0.024041 0.61673
89.137 233.8 -15.611 462.55 -0.051725 0.7724 0.021423 0.63267
89.345 235.78 -15.453 462.24 -0.052785 0.75861 0.020997 0.64906
89.552 237.78 -15.296 462.01 -0.04901 0.74249 0.020606 0.66775
89.76 239.8 -15.149 461.91 -0.044243 0.72432 0.020754 0.68773
89.967 241.85 -15.009 461.91 -0.043882 0.70462 0.021201 0.70791
90.174 243.92 -14.868 462.03 -0.045029 0.6834 0.02085 0.72835
90.382 246.01 -14.717 462.3 -0.049151 0.6611 0.019337 0.74844
90.589 248.09 -14.553 462.68 -0.051036 0.63871 0.014159 0.76762
90.797 250.15 -14.395 463.18 -0.051603 0.61646 0.010658 0.78562
91.004 252.22 -14.242 463.81 -0.05288 0.5936 0.0090824 0.80297
91.212 254.28 -14.08 464.58 -0.054847 0.57019 0.010703 0.81961
91.419 256.29 -13.914 465.44 -0.052028 0.54646 0.0093219 0.83581
91.627 258.28 -13.75 466.43 -0.054443 0.52376 0.0079958 0.85009
91.834 260.24 -13.568 467.52 -0.058139 0.50175 0.01107 0.86299
92.042 262.17 -13.366 468.73 -0.059563 0.48048 0.010918 0.87491
92.249 264.04 -13.157 470.01 -0.059627 0.46141 0.010652 0.88512
92.457 265.87 -12.936 471.38 -0.061466 0.44569 0.006905 0.89305
92.664 267.66 -12.709 472.82 -0.063227 0.43266 0.0046693 0.89932
92.872 269.45 -12.482 474.3 -0.062499 0.42121 0.0040065 0.9048
93.184 272.08 -12.162 476.62 -0.059679 0.407 0.0032639 0.91147
93.391 273.82 -11.967 478.21 -0.060989 0.40229 0.0032302 0.91347
93.703 276.39 -11.656 480.59 -0.062879 0.39798 0.0042911 0.91523
93.91 278.07 -11.442 482.18 -0.062199 0.39553 0.0029158 0.91634
94.222 280.57 -11.137 484.57 -0.058883 0.39399 0.0045324 0.91721
94.43 282.2 -10.946 486.12 -0.060224 0.39552 0.0048996 0.91647
94.741 284.6 -10.657 488.36 -0.063425 0.40336 0.0033393 0.91283
95.053 286.93 -10.385 490.43 -0.061591 0.4164 -0.00038513 0.90709
95.261 288.48 -10.227 491.7 -0.058766 0.42841 0.00084272 0.90167
95.572 290.75 -10.017 493.43 -0.054568 0.44798 0.0040556 0.89237
95.884 292.94 -9.8563 494.91 -0.039896 0.46941 0.0043904 0.88207
96.196 295.05 -9.7474 496.21 -0.029572 0.49526 -0.0037403 0.86823
96.508 297.16 -9.6874 497.3 -0.034093 0.53047 -0.0042813 0.84701
96.821 299.28 -9.634 498.08 -0.027926 0.57626 6.7497e-05 0.81679
97.133 301.41 -9.613 498.55 -0.01585 0.62573 -0.0045332 0.77987
97.341 302.91 -9.6165 498.78 -0.015564 0.65754 -0.002071 0.75326
97.549 304.38 -9.609 498.85 -0.020299 0.68913 0.0011351 0.72435
97.758 305.83 -9.581 498.76 -0.016858 0.72047 0.0047061 0.69326
97.965 307.25 -9.564 498.55 -0.013612 0.74907 0.0033274 0.66235
98.173 308.67 -9.5473 498.23 0.0066589 -0.77169 -0.0055258 -0.63594
98.381 310.08 -9.534 497.87 0.0082089 -0.78911 -0.0074639 -0.61415
98.588 311.47 -9.5075 497.41 -0.0060436 0.80155 0.0096983 0.59782
98.795 312.86 -9.4699 496.91 -0.0048095 0.81231 0.011279 0.58309
99.003 314.24 -9.4347 496.35 -0.0034254 0.82281 0.013411 0.56815
99.21 315.62 -9.4014 495.74 -0.0038995 0.83479 0.01322 0.5504
99.418 316.96 -9.3865 495.06 -0.0046543 0.84909 0.011871 0.52809
99.626 318.24 -9.364 494.29 -0.0027379 0.86555 0.010364 0.50071
99.834 319.47 -9.3447 493.42 -0.0037881 0.88388 0.012771 0.46753
100.04 320.62 -9.3294 492.44 -0.00030436 0.90235 0.015528 0.43072
100.25 321.69 -9.305 491.42 0.00046934 0.9198 0.01541 0.39208
100.46 322.62 -9.2701 490.29 0.0028903 0.93567 0.017554 0.35243
100.67 323.42 -9.2352 489.1 0.00528 0.94949 0.02043 0.31307
100.87 324.13 -9.2145 487.91 0.0076804 0.96039 0.019604 0.27786
101.08 324.78 -9.2021 486.7 0.011185 0.96869 0.017605 0.24739
101.29 325.38 -9.204 485.45 0.012206 0.97539 0.018149 0.21942
101.5 325.9 -9.1963 484.16 0.014615 0.98119 0.020095 0.19142
101.7 326.35 -9.1728 482.83 0.015875 0.9864 0.022311 0.16209
101.91 326.71 -9.1567 481.49 0.017465 0.99098 0.021225 0.13117
102.12 326.98 -9.1315 480.11 0.019645 0.99481 0.018857 0.09808
102.33 327.14 -9.1094 478.68 0.021774 0.99737 0.024423 0.064621
102.53 327.22 -9.0844 477.25 0.02061 0.99901 0.024857 0.030569
102.74 327.21 -9.0413 475.82 0.020592 0.99953 0.022535 -0.0028117
102.95 327.08 -8.9986 474.33 0.022314 0.99893 0.021894 -0.033966
103.16 326.89 -8.9551 472.83 0.02379 0.99758 0.021051 -0.061774
103.36 326.61 -8.9008 471.31 0.025051 0.99593 0.020025 -0.084239
103.57 326.29 -8.8598 469.77 0.023826 0.99436 0.017434 -0.10186
103.78 325.91 -8.8295 468.19 0.022277 0.99278 0.01738 -0.11658
103.99 325.49 -8.8062 466.58 0.021534 0.99127 0.01895 -0.12868
104.19 325.01 -8.7663 464.95 0.0239 0.99033 0.019589 -0.13528
104.4 324.53 -8.7195 463.28 0.024191 0.98999 0.016089 -0.13809
104.61 324.02 -8.6684 461.57 0.025839 0.98969 0.015607 -0.13997
104.82 323.5 -8.6176 459.82 0.026596 0.9894 0.019128 -0.14145
105.02 322.97 -8.5529 458.04 0.027968 0.98917 0.018014 -0.14295
105.23 322.43 -8.4767 456.22 0.026284 0.98898 0.017286 -0.14469
105.44 321.87 -8.4207 454.38 0.027235 0.98872 0.017176 -0.14626
105.65 321.29 -8.3727 452.5 0.027869 0.98843 0.017122 -0.14811
105.85 320.7 -8.3177 450.59 0.028579 0.98815 0.017734 -0.14975
106.06 320.1 -8.276 448.67 0.028182 0.98791 0.018139 -0.15138
106.27 319.5 -8.2301 446.74 0.027201 0.98764 0.020002 -0.15305
106.48 318.88 -8.1712 444.81 0.026835 0.98743 0.017371 -0.15479
106.68 318.25 -8.1164 442.87 0.027866 0.98721 0.019458 -0.15574
106.89 317.63 -8.0714 440.93 0.026957 0.98748 0.019254 -0.15423
107.1 317.03 -8.0298 438.98 0.023206 0.98808 0.018227 -0.15109
107.41 316.16 -7.9763 436.05 0.018856 0.9893 0.014023 -0.14398
107.72 315.36 -7.9668 433.1 0.011862 0.99079 0.013065 -0.13425
108.03 314.63 -7.9687 430.14 0.010405 0.99275 0.017454 -0.11849
108.34 314.02 -7.9616 427.17 0.011892 0.99522 0.015717 -0.09563
108.65 313.55 -7.9423 424.19 0.0093233 0.99708 0.01349 -0.074593
108.86 313.29 -7.9409 422.19 0.010882 0.99798 0.01551 -0.060692
109.07 313.1 -7.9295 420.19 0.0096054 0.99873 0.015695 -0.046891
109.28 312.97 -7.9165 418.18 0.0057789 0.99923 0.01871 -0.033974
109.48 312.88 -7.8974 416.18 0.0044083 0.99959 0.018985 -0.02112
109.69 312.85 -7.8642 414.17 0.0040062 0.99977 0.019235 -0.0081042
109.9 312.87 -7.8096 412.16 0.0031658 0.99974 0.022073 0.0046413
110.11 312.94 -7.7709 410.16 0.0044429 0.99959 0.022568 0.017167
110.31 313.05 -7.7275 408.16 0.0055294 0.99936 0.020118 0.029193
110.52 313.2 -7.6804 406.16 0.005093 0.99896 0.019274 0.041127
110.73 313.41 -7.6363 404.16 0.0042417 0.9985 0.01826 0.051484
111.04 313.78 -7.5908 401.18 0.0029821 0.9977 0.016538 0.06571
111.35 314.24 -7.5564 398.23 0.00086848 0.99673 0.019195 0.078465
111.56 314.58 -7.5334 396.28 0.00058145 0.99604 0.018695 0.086868
111.87 315.16 -7.4954 393.4 0.0021028 -0.99499 -0.019993 -0.097973
112.08 315.56 -7.4632 391.49 0.0028965 -0.99424 -0.021917 -0.10491
112.39 316.21 -7.3978 388.68 0.003244 -0.99312 -0.019794 -0.11537
112.6 316.65 -7.3478 386.86 0.003495 -0.99236 -0.016899 -0.1222
112.8 317.11 -7.312 385.1 0.0029226 -0.99148 -0.015161 -0.12932
113.12 317.82 -7.3119 382.61 0.0015943 -0.99005 -0.0063769 -0.14059
113.32 318.28 -7.3179 381.08 -0.002668 0.9892 -0.0037132 0.14649
113.64 318.94 -7.3758 378.96 -0.0031137 0.98829 -0.013677 0.15194
113.95 319.54 -7.4491 376.96 -0.00020186 0.98814 -0.018217 0.15249
114.26 320.05 -7.5102 374.98 -0.0042603 -0.98973 0.01486 -0.14212
114.57 320.46 -7.5524 373.03 -0.007994 -0.99358 0.010435 -0.1124
114.88 320.67 -7.5938 371.08 0.011258 0.99801 6.9036e-05 0.062101
115.2 320.64 -7.6032 369.18 0.014132 0.99988 0.0069288 -0.00011107
115.4 320.47 -7.5962 367.92 0.014506 0.99885 0.0094918 -0.044601
115.72 320.02 -7.5449 366.06 0.014588 0.9934 0.015534 -0.11267
116.03 319.3 -7.4642 364.23 0.011362 0.98319 0.019983 -0.18112
116.34 318.31 -7.3697 362.48 0.015183 0.96895 0.019784 -0.246
116.55 317.53 -7.3155 361.35 0.018737 0.95838 0.019915 -0.28418
116.76 316.65 -7.2496 360.26 0.021481 0.94816 0.017774 -0.31658
116.96 315.69 -7.1806 359.18 0.025662 0.93927 0.013828 -0.34193
117.17 314.66 -7.1268 358.11 0.028537 0.93233 0.011903 -0.36028
117.38 313.57 -7.0808 357.01 -0.029309 -0.92647 -0.010647 0.37508
117.59 312.41 -7.0203 355.89 -0.029831 -0.92121 -0.009482 0.3878
117.79 311.18 -6.97 354.76 -0.031859 -0.91811 -0.0085836 0.39494
118 309.91 -6.9097 353.57 -0.034611 -0.91877 -0.0084912 0.39318
118.21 308.62 -6.8348 352.32 -0.032229 -0.92044 -0.010129 0.38942
118.41 307.28 -6.7507 351.03 -0.029812 -0.92112 -0.01033 0.38799
118.62 305.92 -6.6711 349.71 -0.029073 -0.92164 -0.011075 0.38679
118.83 304.52 -6.5919 348.36 -0.028805 -0.9223 -0.0099152 0.38526
119.04 303.11 -6.5309 346.96 -0.02784 -0.92296 -0.0096996 0.38376
119.24 301.67 -6.4816 345.53 -0.026659 -0.92377 -0.0070804 0.38194
119.45 300.22 -6.4347 344.07 -0.025003 -0.92471 -0.0048006 0.37982
119.76 298.04 -6.3957 341.82 -0.023927 -0.92615 -0.0065516 0.37634
119.97 296.59 -6.3759 340.3 -0.024752 -0.92766 -0.0075276 0.37252
120.28 294.43 -6.3426 337.97 0.024549 0.93101 0.010569 -0.36401
120.59 292.31 -6.2982 335.58 -0.025808 -0.93589 -0.0083815 0.35124
120.8 290.94 -6.2665 333.95 -0.027658 -0.94073 -0.0059003 0.33798
121.11 288.99 -6.2538 331.41 -0.02689 -0.94872 -0.0053537 0.31493
121.42 287.17 -6.2485 328.76 0.023615 0.95535 0.0073736 -0.29444
121.73 285.46 -6.2523 326.05 0.023599 0.961 0.0079706 -0.27543
122.04 283.83 -6.2634 323.25 0.022065 0.96615 0.0059752 -0.25696
122.36 282.27 -6.2605 320.36 -0.024115 -0.97034 -0.0048578 0.24049
122.67 280.76 -6.2471 317.39 -0.026313 -0.9727 -0.0056447 0.23048
122.98 279.27 -6.2373 314.37 0.02396 0.97348 0.0064782 -0.22742
123.29 277.77 -6.2191 311.31 -0.024045 -0.97425 -0.0054232 0.22411
123.6 276.26 -6.1925 308.19 -0.029099 -0.97524 -0.0057022 0.21917
123.91 274.76 -6.1675 305.02 -0.029824 -0.97572 -0.0036411 0.21694
124.12 273.73 -6.1329 302.87 0.032293 0.9757 0.0076551 -0.21658
124.33 272.68 -6.0749 300.71 -0.037015 -0.97549 -0.0061186 0.21682
124.54 271.62 -6.0313 298.53 -0.039122 -0.97522 -0.0045475 0.21769
124.74 270.56 -5.9958 296.32 -0.03633 -0.97486 -0.00653 0.21972
124.95 269.48 -5.9503 294.08 0.030498 0.97401 0.0087782 -0.22428
125.16 268.36 -5.8913 291.84 0.025222 0.97266 0.0099803 -0.23066
125.37 267.21 -5.844 289.6 0.022357 0.97089 0.0085271 -0.23831
125.57 266 -5.7989 287.36 0.025662 0.96879 0.010867 -0.24631
125.78 264.73 -5.7359 285.13 0.030874 0.96646 0.0090172 -0.25478
125.99 263.43 -5.6994 282.91 -0.032674 -0.96444 -0.0049499 0.26224
126.2 262.08 -5.6505 280.68 -0.034142 -0.9623 -0.0093463 0.26967
126.4 260.7 -5.5809 278.47 0.039746 0.9605 0.011858 -0.27516
126.61 259.31 -5.525 276.28 -0.041922 -0.95972 -0.0062422 0.27774
126.82 257.92 -5.4817 274.07 -0.038028 -0.95928 -0.0080524 0.27977
127.03 256.51 -5.406 271.84 -0.035361 -0.95898 -0.0094457 0.28109
127.23 255.06 -5.3367 269.6 0.035751 0.95887 0.011523 -0.28137
127.44 253.62 -5.2784 267.37 0.034971 0.95891 0.01116 -0.28133
127.65 252.17 -5.1988 265.1 0.032581 0.9589 0.012124 -0.28162
127.86 250.69 -5.106 262.82 0.033162 0.95827 0.013997 -0.28359
128.06 249.19 -5.0067 260.54 0.034124 0.95781 0.012877 -0.28507
128.27 247.7 -4.9236 258.25 0.03285 0.95753 0.013398 -0.28616
128.48 246.2 -4.8491 255.96 0.033123 0.95755 0.014139 -0.28602
128.68 244.7 -4.7826 253.65 0.034391 0.9577 0.012818 -0.28543
128.89 243.19 -4.7336 251.33 0.03376 0.95786 0.012756 -0.28496
129.1 241.67 -4.6695 249 0.033261 0.95794 0.013592 -0.2847
129.31 240.12 -4.6096 246.65 0.033622 0.95801 0.012623 -0.28446
129.51 238.56 -4.5333 244.28 0.033782 0.95806 0.012077 -0.28433
129.72 236.97 -4.4346 241.89 0.035225 0.95802 0.012656 -0.28423
129.93 235.37 -4.3126 239.49 0.036945 0.95786 0.012117 -0.28458
130.14 233.76 -4.2075 237.09 -0.039245 -0.95764 -0.0092527 0.28513
130.34 232.15 -4.0961 234.67 -0.038374 -0.95725 -0.010892 0.28649
130.55 230.51 -3.9888 232.24 0.035708 0.95653 0.012119 -0.2892
130.76 228.84 -3.8783 229.81 0.036342 0.95577 0.013389 -0.29154
130.97 227.18 -3.7765 227.38 0.035329 0.95526 0.011306 -0.29343
131.17 225.5 -3.6838 224.95 0.035724 0.95485 0.011833 -0.29469
131.38 223.82 -3.5998 222.53 0.038138 0.95451 0.013421 -0.29543
131.59 222.13 -3.5086 220.11 0.040084 0.95422 0.013003 -0.29611
131.9 219.6 -3.3654 216.48 -0.043016 -0.95402 -0.013166 0.29633
132.11 217.92 -3.2948 214.05 -0.041951 -0.95425 -0.012651 0.2958
132.31 216.25 -3.2287 211.63 0.040877 0.95465 0.013547 -0.29459
132.52 214.59 -3.1532 209.21 0.03997 0.95518 0.014888 -0.29293
132.73 212.94 -3.0722 206.79 0.037973 0.95584 0.013044 -0.29114
132.94 211.32 -3.0086 204.35 0.033825 0.95664 0.012233 -0.28904
133.14 209.7 -2.9264 201.9 0.032115 0.95739 0.015232 -0.28661
133.35 208.09 -2.8304 199.45 0.033356 0.95812 0.015541 -0.28398
133.56 206.51 -2.7395 196.99 0.035738 0.95901 0.016282 -0.28063
133.77 204.95 -2.65 194.53 0.037336 0.9603 0.014838 -0.27605
133.97 203.42 -2.5662 192.05 0.037548 0.9622 0.013443 -0.2694
134.18 201.93 -2.4956 189.55 0.034126 0.96415 0.014124 -0.26278
134.39 200.46 -2.4321 187.03 0.03246 0.96606 0.01499 -0.25583
134.6 199.04 -2.3657 184.49 0.032427 0.96774 0.015239 -0.24938
134.8 197.63 -2.2965 181.95 0.033155 0.96921 0.013165 -0.24363
135.01 196.25 -2.222 179.39 0.034981 0.97013 0.013759 -0.23964
135.22 194.89 -2.1634 176.84 0.036237 0.9707 0.013394 -0.23718
135.43 193.56 -2.1186 174.28 0.035888 0.97133 0.011607 -0.23471
135.63 192.26 -2.0742 171.7 0.034686 0.972 0.013139 -0.23204
135.94 190.35 -2.0206 167.82 0.034599 0.97297 0.013049 -0.22797
136.15 189.08 -1.9736 165.23 0.036879 0.97352 0.012747 -0.22527
136.36 187.82 -1.9164 162.62 0.03687 0.97402 0.011278 -0.22314
136.57 186.58 -1.8677 160 0.032806 0.97449 0.014506 -0.22155
136.77 185.34 -1.7935 157.37 0.030699 0.97478 0.015627 -0.2205
136.98 184.09 -1.7239 154.74 0.031656 0.97494 0.015955 -0.21964
137.19 182.86 -1.6585 152.11 0.032186 0.97515 0.014033 -0.21873
137.4 181.63 -1.5995 149.48 0.030778 0.97541 0.013224 -0.21783
137.6 180.4 -1.5384 146.85 0.029925 0.97569 0.013878 -0.21665
137.81 179.19 -1.4933 144.22 0.030347 0.97608 0.013745 -0.21482
138.02 178 -1.4483 141.58 0.031583 0.97638 0.012914 -0.21336
138.23 176.79 -1.4038 138.93 0.033143 0.97651 0.011322 -0.21262
138.43 175.58 -1.3563 136.28 0.032703 0.9762 0.01138 -0.2141
138.64 174.37 -1.3385 133.66 0.030539 0.97533 0.013171 -0.21822
138.85 173.14 -1.3199 131.05 0.028793 0.97396 0.015833 -0.22431
139.06 171.87 -1.3016 128.47 0.027783 0.97206 0.017925 -0.23237
139.26 170.56 -1.2691 125.92 0.025035 0.9698 0.01643 -0.24204
139.47 169.2 -1.2253 123.4 0.022485 0.96723 0.01729 -0.25233
139.68 167.79 -1.1474 120.93 0.023303 0.96446 0.017113 -0.26266
139.89 166.31 -1.0504 118.48 0.024422 0.96148 0.017144 -0.27326
140.09 164.78 -0.95592 116.08 0.02621 0.95809 0.01588 -0.28483
140.3 163.18 -0.85305 113.7 0.030017 0.95442 0.016241 -0.29651
140.51 161.54 -0.73198 111.36 0.033229 0.95068 0.016326 -0.30795
140.72 159.84 -0.62118 109.07 0.034694 0.9475 0.013507 -0.31759
140.92 158.12 -0.53476 106.81 -0.035715 -0.94508 -0.0122 0.32466
141.13 156.36 -0.45292 104.58 -0.039876 -0.9428 -0.011685 0.33076
141.23 155.48 -0.40778 103.48 -0.041536 -0.94164 -0.01019 0.33389
141.44 153.69 -0.33341 101.27 -0.038656 -0.93987 -0.010404 0.33918
141.65 151.85 -0.24423 99.075 -0.039524 -0.93805 -0.011266 0.34405
141.86 150 -0.16086 96.895 -0.039589 -0.93669 -0.012533 0.34768
142.06 148.12 -0.088159 94.732 -0.038044 -0.93526 -0.012884 0.35167
142.27 146.21 -0.0091336 92.59 -0.039023 -0.93291 -0.014048 0.35772
142.48 144.27 0.074182 90.48 -0.038284 -0.92982 -0.01263 0.3658
142.69 142.3 0.14118 88.396 -0.039367 -0.92733 -0.01162 0.372
142.89 140.31 0.21747 86.319 -0.039588 -0.92606 -0.01306 0.37508
143.2 137.32 0.35678 83.189 -0.039479 -0.92585 -0.014762 0.37553
143.41 135.31 0.45662 81.085 0.038419 0.92667 0.015613 -0.37357
143.72 132.3 0.61538 77.91 -0.035245 -0.92758 -0.010473 0.37182
143.93 130.28 0.70345 75.799 -0.038735 -0.92784 -0.010898 0.3708
144.14 128.26 0.79368 73.68 -0.040035 -0.92782 -0.011384 0.37069
144.45 125.22 0.92986 70.51 -0.03791 -0.92749 -0.010716 0.37177
144.76 122.17 1.0711 67.326 -0.037875 -0.92677 -0.013414 0.37348
144.97 120.13 1.1657 65.208 -0.037267 -0.9258 -0.012301 0.37597
145.28 117.04 1.3027 62.039 -0.037593 -0.9242 -0.013733 0.37982
145.59 113.92 1.4474 58.873 0.037301 0.92287 0.016019 -0.38298
145.9 110.73 1.6195 55.703 -0.038427 -0.92198 -0.013483 0.38508
146.21 107.55 1.7708 52.536 0.037113 0.92168 0.016098 -0.38584
146.42 105.43 1.8662 50.394 0.035736 0.92147 0.017596 -0.38641
146.73 102.24 2.0382 47.25 -0.037181 -0.92179 -0.010379 0.38576
146.94 100.13 2.1269 45.132 -0.035692 -0.9219 -0.014054 0.38553
147.15 98.007 2.2323 43.027 -0.037879 -0.92204 -0.013765 0.38498
147.35 95.884 2.3363 40.923 -0.039852 -0.92205 -0.012687 0.38481
147.66 92.676 2.5143 37.747 -0.041738 -0.92221 -0.011151 0.38426
147.87 90.568 2.6143 35.632 -0.040884 -0.92252 -0.013088 0.38355
148.18 87.416 2.7936 32.459 -0.038109 -0.92291 -0.015158 0.38281
148.39 85.315 2.9303 30.351 -0.038485 -0.92325 -0.014173 0.38201
148.6 83.214 3.0668 28.242 -0.037455 -0.92363 -0.013026 0.38122
148.81 81.124 3.1846 26.129 -0.036232 -0.92394 -0.013487 0.38058
149.01 79.038 3.3008 24.014 0.035562 0.92423 0.0148 -0.37989
149.32 75.922 3.4743 20.839 0.033384 0.92443 0.014506 -0.37962
149.53 73.854 3.5799 18.708 0.029433 0.92467 0.016791 -0.37926
149.84 70.723 3.7578 15.533 0.031571 0.92501 0.015113 -0.37833
150.15 67.588 3.9334 12.333 0.02914 0.92508 0.016577 -0.37828
150.36 65.472 4.0579 10.206 0.030201 0.9253 0.014851 -0.37774
150.57 63.363 4.1727 8.0727 0.031362 0.92552 0.015952 -0.37707
150.88 60.241 4.3358 4.8748 0.028555 0.92594 0.015465 -0.37628
151.19 57.127 4.5031 1.6557 0.024248 0.92622 0.015428 -0.37588
151.5 54.029 4.6557 -1.5557 0.023621 0.92651 0.013647 -0.37528
151.81 50.967 4.7645 -4.7611 0.022903 0.92665 0.012461 -0.37501
152.12 47.942 4.8328 -7.9505 0.01506 0.92665 0.0098382 -0.3755
152.44 44.902 4.9054 -11.163 0.012479 0.92682 0.013435 -0.37506
152.75 41.911 4.991 -14.274 0.012963 0.92814 0.0071451 -0.37193
153.06 39.01 5.0198 -17.314 -0.022455 -0.92985 -0.0064899 0.36719
153.26 37.185 5.0234 -19.318 0.021181 0.93124 0.0090699 -0.36369
153.68 33.705 5.0351 -23.203 -0.021082 -0.93356 -0.0020455 0.35781
153.99 31.29 5.0329 -26.024 -0.012144 -0.93471 -0.004289 0.35519
154.3 28.994 5.0129 -28.709 -0.0031616 -0.93545 -0.011778 0.35325
154.72 26.271 4.9373 -31.981 0.016821 -0.93372 -0.01786 0.35716
155.03 24.406 4.8686 -34.119 0.030352 -0.9275 -0.021715 0.37196
155.34 22.621 4.8494 -35.935 0.041312 -0.91654 -0.023054 0.39713
155.65 20.883 4.8292 -37.416 0.049317 -0.89681 -0.027053 0.43883
155.97 19.175 4.7883 -38.514 0.049623 -0.86982 -0.025435 0.49021
156.28 17.516 4.7293 -39.261 0.042957 -0.83718 -0.022493 0.54477
156.59 15.839 4.6612 -39.715 0.033629 -0.79369 -0.027701 0.60677
156.8 14.733 4.6207 -39.831 0.025952 -0.75649 -0.030846 0.65276
157.11 13.134 4.5912 -39.756 0.020071 -0.6963 -0.032215 0.71675
157.42 11.649 4.5699 -39.424 0.019803 -0.63227 -0.031305 0.77387
157.63 10.7 4.5622 -39.071 0.021314 -0.58742 -0.030682 0.80842
157.94 9.3468 4.5589 -38.357 0.024666 -0.51702 -0.029744 0.8551
158.15 8.4977 4.5575 -37.738 0.022094 -0.46795 -0.03044 0.88295
158.36 7.6944 4.5572 -37.014 0.018926 -0.4188 -0.031778 0.90733
158.56 6.9383 4.5798 -36.199 0.020186 -0.36978 -0.032211 0.92834
158.77 6.2563 4.5932 -35.283 0.021078 -0.32189 -0.029783 0.94607
159.08 5.3777 4.5747 -33.73 0.020375 -0.25211 -0.024311 0.96718
159.29 4.8856 4.5583 -32.59 0.019006 -0.20911 -0.02094 0.97748
159.5 4.468 4.5215 -31.372 0.019959 -0.17159 -0.018926 0.98478
159.71 4.1181 4.4509 -30.087 0.022059 -0.14145 -0.014127 0.9896
160.02 3.675 4.3044 -28.059 0.024741 -0.10764 -0.010622 0.99383
160.22 3.4286 4.2015 -26.637 0.023305 -0.093266 -0.0075463 0.99534
160.43 3.1901 4.1105 -25.175 0.021175 -0.085749 -0.0040828 0.99608
160.64 2.9507 4.0134 -23.672 0.018112 -0.082203 -0.0018235 0.99645
160.85 2.7038 3.9253 -22.139 0.018402 -0.080794 -0.0024246 0.99656
161.16 2.3558 3.7909 -19.755 0.016392 -0.078177 -0.00082422 0.9968
161.47 2.001 3.6707 -17.284 0.015228 -0.076124 0.0015763 0.99698
161.78 1.6518 3.5482 -14.733 0.011201 -0.073544 0.0049286 0.99722
162.09 1.333 3.4021 -12.205 0.0099315 -0.071287 0.0094161 0.99736
162.4 1.0218 3.2822 -9.7383 0.003786 -0.06981 0.011832 0.99748
162.71 0.69767 3.2139 -7.3598 0.0049227 -0.071782 0.013442 0.99732
163.02 0.30283 3.1801 -5.08 0.0065034 -0.075681 0.009195 0.99707
163.33 -0.093834 3.1295 -2.862 4.3822e-05 -0.080803 0.0080856 0.9967
163.65 -0.51532 3.1072 -0.72811 -0.001003 -0.088262 0.0046601 0.99609
164.37 -1.6825 3.0874 4.0917 0.00037689 -0.12215 0.0075518 0.99248
164.89 -2.7753 3.0582 7.5285 0.0038316 -0.14983 0.007318 0.98868
