0 5.5511e-17 0 2.2204e-16 1.7813e-10 -8.5232e-11 5.9881e-12 1
0.41562 -0.028632 -0.0067267 0.38731 0.00091021 -0.015042 -0.0010265 0.99989
0.62338 -0.06 -0.0080655 0.62794 0.0022645 -0.027461 -0.0011354 0.99962
0.93462 -0.14153 -0.011951 1.0819 0.002266 -0.054847 5.4033e-05 0.99849
1.2459 -0.29346 -0.031164 1.6041 0.0042001 -0.090942 -0.0040397 0.99584
1.4533 -0.43662 -0.043135 1.9792 0.0050633 -0.11952 -0.0064435 0.9928
1.6608 -0.62009 -0.049022 2.3687 0.0046825 -0.15172 -0.0086976 0.98837
1.868 -0.83949 -0.053978 2.7583 0.0046666 -0.18678 -0.011254 0.98233
2.0755 -1.1036 -0.046762 3.1421 0.0048514 -0.22323 -0.013592 0.97466
2.2829 -1.3925 -0.04239 3.523 0.0048574 -0.26399 -0.0093701 0.96447
2.4901 -1.7616 -0.048994 3.8807 0.0026265 -0.3104 -0.013325 0.95051
2.6973 -2.1878 -0.053587 4.2159 0.0025948 -0.36086 -0.015501 0.93249
2.9046 -2.6631 -0.05287 4.5408 0.00030284 -0.4137 -0.010896 0.91035
3.112 -3.2155 -0.051389 4.8244 -0.0025679 -0.466 -0.010115 0.88472
3.3194 -3.837 -0.045057 5.0573 -0.0046084 -0.51843 -0.010464 0.85504
3.5269 -4.5343 -0.033251 5.2338 -0.0066389 -0.56873 -0.011734 0.82242
3.8383 -5.7014 -0.023031 5.4017 -0.011966 -0.63519 -0.011271 0.77218
4.0463 -6.559 -0.005757 5.4277 -0.010367 -0.66992 -0.013496 0.74224
4.2544 -7.4734 0.016251 5.4107 -0.0083938 -0.69665 -0.012699 0.71725
4.4626 -8.4446 0.030664 5.3536 -0.0066842 -0.71742 -0.011426 0.69651
4.6712 -9.4804 0.05249 5.2639 -0.0052245 -0.73045 -0.010329 0.68287
4.88 -10.579 0.065962 5.1531 -0.0059084 -0.73831 -0.011205 0.67434
5.0885 -11.739 0.078555 5.0259 -0.0059534 -0.74212 -0.013001 0.67012
5.2972 -12.964 0.10267 4.9018 -0.0082672 -0.74247 -0.012091 0.66971
5.5057 -14.252 0.11782 4.7672 -0.0082996 -0.74131 -0.014418 0.67095
5.7143 -15.594 0.14508 4.63 -0.0065564 -0.74035 -0.014044 0.67204
5.9225 -17.005 0.17702 4.4946 -0.0083604 -0.73916 -0.016313 0.67328
6.1309 -18.472 0.20928 4.3592 -0.008273 -0.7379 -0.017883 0.67462
6.339 -19.988 0.25032 4.2231 -0.005765 -0.73674 -0.017777 0.67592
6.5473 -21.564 0.28802 4.1002 -0.0090174 -0.73576 -0.017571 0.67695
6.7554 -23.164 0.32162 3.971 -0.0086509 -0.73508 -0.016633 0.67772
6.9634 -24.789 0.34925 3.8491 -0.0061704 -0.73501 -0.010401 0.67795
7.1713 -26.461 0.37177 3.7163 -0.009097 -0.73506 -0.013178 0.67781
7.3793 -28.153 0.40288 3.5695 -0.01234 -0.73517 -0.018995 0.67751
7.5873 -29.837 0.43701 3.4185 -0.010757 -0.73544 -0.018836 0.67724
7.899 -32.354 0.49173 3.1988 -0.01013 -0.73549 -0.019969 0.67716
8.107 -34.026 0.52419 3.0513 -0.0074443 -0.73541 -0.018244 0.67734
8.315 -35.696 0.55003 2.9106 -0.0056308 -0.73516 -0.01719 0.67765
8.6269 -38.215 0.58786 2.707 -0.010782 -0.73443 -0.021078 0.67828
8.8348 -39.882 0.62465 2.5723 -0.011992 -0.73435 -0.022227 0.6783
9.0428 -41.538 0.66402 2.4362 -0.0090025 -0.73424 -0.019433 0.67855
9.2507 -43.191 0.69775 2.2902 -0.0048533 -0.73427 -0.020285 0.67854
9.5625 -45.661 0.7332 2.0966 -0.0056022 -0.73528 -0.014308 0.67759
9.8742 -48.123 0.76469 1.8905 -0.011988 -0.73695 -0.017737 0.67561
10.186 -50.533 0.79899 1.6594 -0.006679 -0.73834 -0.017211 0.67418
10.498 -52.916 0.83177 1.4168 -0.0050121 -0.73931 -0.019973 0.67305
10.81 -55.263 0.86014 1.1847 -0.0048566 -0.73998 -0.020882 0.67229
11.121 -57.575 0.8957 0.95654 -0.0083065 -0.74014 -0.024163 0.67196
11.433 -59.81 0.93378 0.73597 -0.0069151 -0.74064 -0.021643 0.67152
11.745 -61.94 0.95651 0.52376 -0.003955 -0.73947 -0.020444 0.67287
12.057 -63.935 0.96967 0.3623 -0.0055829 -0.73375 -0.021488 0.67906
12.37 -65.791 0.98824 0.26277 -0.0051098 -0.72161 -0.025109 0.69182
12.682 -67.477 1.0092 0.29417 -0.0053291 -0.69847 -0.026265 0.71513
12.996 -68.954 1.0198 0.50488 -0.0066957 -0.66186 -0.023842 0.74922
13.204 -69.848 1.0239 0.74197 -0.0077106 -0.62895 -0.022832 0.77707
13.413 -70.682 1.0239 1.0807 -0.01005 -0.58912 -0.01706 0.8078
13.622 -71.451 1.0324 1.5136 -0.011215 -0.54398 -0.0099513 0.83896
13.831 -72.171 1.0455 2.0136 -0.011762 -0.49646 -0.0085606 0.86794
14.039 -72.811 1.0522 2.6018 -0.017433 -0.44963 -0.00010013 0.89304
14.248 -73.385 1.052 3.2208 -0.012844 -0.40039 0.002238 0.91625
14.456 -73.913 1.0588 3.9113 -0.0015926 -0.34686 0.0032022 0.93791
14.665 -74.402 1.0571 4.7185 0.0012649 -0.29063 0.0038271 0.95683
14.873 -74.826 1.0448 5.6232 0.002402 -0.23596 0.002212 0.97176
15.081 -75.206 1.0358 6.6181 0.003954 -0.18932 -0.0030122 0.9819
15.289 -75.539 1.0201 7.7061 0.0026439 -0.15382 -0.0056346 0.98808
15.496 -75.837 1.0047 8.8744 0.00070098 -0.13003 -0.0046111 0.9915
15.704 -76.122 0.98895 10.112 -0.00089678 -0.11259 -0.0077308 0.99361
15.911 -76.379 0.97681 11.415 -0.0017222 -0.098835 -0.0090872 0.99506
16.119 -76.602 0.9706 12.784 -0.0019147 -0.084434 -0.0091881 0.99638
16.326 -76.797 0.95465 14.213 -0.0009421 -0.070646 -0.009891 0.99745
16.534 -76.965 0.93523 15.688 0.0046743 -0.059996 -0.0095246 0.99814
16.741 -77.119 0.91331 17.219 0.0020331 -0.052384 -0.0099811 0.99858
16.949 -77.272 0.88594 18.768 -0.0046569 -0.047598 -0.012529 0.99878
17.156 -77.402 0.86737 20.302 -0.0032317 -0.044221 -0.011702 0.99895
17.364 -77.521 0.85142 21.843 -0.0057131 -0.041542 -0.0098746 0.99907
17.572 -77.622 0.82791 23.378 -0.0054201 -0.038583 -0.0083328 0.99921
17.779 -77.734 0.80467 24.898 0.0023265 -0.036744 -0.010118 0.99927
17.987 -77.846 0.77394 26.422 0.0038176 -0.035158 -0.011385 0.99931
18.195 -77.969 0.72937 27.939 -0.00070366 -0.03288 -0.014627 0.99935
18.402 -78.065 0.69697 29.441 -0.001502 -0.031195 -0.012032 0.99944
18.61 -78.155 0.66474 30.946 -0.0010096 -0.030156 -0.011108 0.99948
18.818 -78.242 0.63016 32.464 -0.00027263 -0.029535 -0.0092658 0.99952
19.026 -78.346 0.59905 34.001 -3.0328e-05 -0.029085 -0.010732 0.99952
19.337 -78.507 0.54736 36.348 -2.0014e-05 -0.032558 -0.010064 0.99942
19.649 -78.7 0.49408 38.735 0.0044606 -0.036664 -0.012865 0.99923
19.96 -78.896 0.44615 41.195 0.0036311 -0.039794 -0.012418 0.99912
20.272 -79.1 0.40399 43.725 -0.0011715 -0.041768 -0.010878 0.99907
20.584 -79.319 0.36393 46.299 -0.001853 -0.039553 -0.012633 0.99914
20.895 -79.509 0.321 48.902 0.00011765 -0.037037 -0.0087585 0.99928
21.207 -79.697 0.27204 51.529 -0.0027018 -0.035744 -0.005739 0.99934
21.519 -79.9 0.2201 54.114 0.0042059 -0.034353 -0.008984 0.99936
21.831 -80.093 0.14081 56.671 0.0054379 -0.033383 -0.0098688 0.99938
22.039 -80.222 0.092335 58.378 -0.0044534 -0.034185 -0.010072 0.99935
22.247 -80.339 0.059143 60.043 -0.0010169 -0.036642 -0.0051015 0.99931
22.454 -80.474 0.018267 61.696 0.0007674 -0.039231 -0.0056243 0.99921
22.662 -80.621 -0.026323 63.328 0.004269 -0.043003 -0.0069713 0.99904
22.87 -80.778 -0.0838 64.945 0.0062548 -0.046107 -0.010391 0.99886
23.078 -80.945 -0.13605 66.559 0.0031077 -0.049847 -0.013395 0.99866
23.39 -81.219 -0.19136 68.949 -0.0022184 -0.057541 -0.0131 0.99825
23.598 -81.422 -0.21748 70.52 -0.0040695 -0.063829 -0.011805 0.99788
23.806 -81.664 -0.24263 72.059 -0.0016866 -0.069625 -0.015223 0.99746
24.013 -81.911 -0.26918 73.585 0.00019476 -0.075381 -0.015831 0.99703
24.221 -82.187 -0.29759 75.101 -0.0039175 -0.080707 -0.016878 0.99659
24.533 -82.614 -0.3381 77.332 0.00018805 -0.091642 -0.014541 0.99569
24.741 -82.93 -0.3754 78.808 -0.00056801 -0.10162 -0.013602 0.99473
25.052 -83.467 -0.40839 81.011 -0.0093141 -0.11903 -0.013737 0.99275
25.364 -84.057 -0.42749 83.14 0.000742 -0.13739 -0.014877 0.99041
25.676 -84.728 -0.44244 85.303 -0.0082981 -0.1557 -0.014228 0.98767
25.987 -85.469 -0.45512 87.417 -0.0025028 -0.17306 -0.010649 0.98485
26.299 -86.28 -0.48727 89.521 0.0024561 -0.18502 -0.011557 0.98266
26.507 -86.86 -0.4834 90.918 -0.0017477 -0.1934 -0.011448 0.98105
26.819 -87.802 -0.47562 93.004 -0.0073019 -0.20313 -0.020054 0.97892
27.027 -88.428 -0.46197 94.376 0.00031723 -0.20897 -0.015666 0.9778
27.235 -89.085 -0.46662 95.766 -0.00098929 -0.21334 -0.018815 0.9768
27.443 -89.748 -0.47889 97.164 -0.0031746 -0.21903 -0.018178 0.97554
27.754 -90.775 -0.49581 99.22 0.0049584 -0.22667 -0.017528 0.9738
28.066 -91.84 -0.5262 101.28 0.0015177 -0.23353 -0.019932 0.97214
28.274 -92.553 -0.54346 102.63 0.0018105 -0.23827 -0.018226 0.97103
28.586 -93.65 -0.566 104.62 0.0011296 -0.24517 -0.019048 0.96929
28.898 -94.748 -0.59808 106.55 0.0065361 -0.2522 -0.016285 0.96752
29.209 -95.865 -0.621 108.45 -0.0043143 -0.25732 -0.017694 0.96615
29.521 -96.921 -0.62621 110.25 -0.0058314 -0.26218 -0.014391 0.96489
29.833 -97.924 -0.62833 111.9 -0.0040344 -0.26647 -0.012127 0.96376
30.041 -98.55 -0.63606 112.93 -0.0056291 -0.26881 -0.012098 0.9631
30.352 -99.397 -0.64008 114.3 -0.0061922 -0.27237 -0.009683 0.96213
30.56 -99.919 -0.65604 115.11 -0.0023579 -0.27484 -0.0097483 0.96144
30.768 -100.4 -0.65859 115.86 -0.0025416 -0.27921 -0.0056718 0.96021
30.976 -100.87 -0.66472 116.53 -0.0037305 -0.2853 -0.0076075 0.9584
31.183 -101.31 -0.67139 117.13 -0.008078 -0.29153 -0.01233 0.95645
31.391 -101.69 -0.67215 117.66 -0.01141 -0.29977 -0.011077 0.95388
31.598 -102.05 -0.67364 118.12 -0.013318 -0.31201 -0.0083619 0.94995
31.806 -102.41 -0.67664 118.51 -0.013413 -0.32877 -0.0094413 0.94427
32.117 -102.9 -0.687 118.98 -0.007472 -0.35973 -0.0078635 0.93299
32.428 -103.42 -0.68199 119.37 -0.001582 -0.39075 -0.013597 0.9204
32.739 -103.95 -0.66803 119.73 -0.0049804 -0.42678 -0.01174 0.90427
32.947 -104.34 -0.65804 119.93 -0.0065524 -0.4534 -0.01601 0.89114
33.258 -104.93 -0.65151 120.19 -0.0073293 -0.49332 -0.022055 0.86954
33.569 -105.56 -0.65129 120.39 -0.0068954 -0.53582 -0.023161 0.84398
33.776 -106.06 -0.64048 120.5 -0.0043999 -0.56834 -0.021377 0.8225
33.984 -106.64 -0.62516 120.6 -0.0040635 -0.60392 -0.020681 0.79677
34.191 -107.28 -0.6047 120.64 -0.003298 -0.64199 -0.018917 0.76647
34.502 -108.35 -0.57806 120.59 -0.0065958 -0.6993 -0.019183 0.71454
34.813 -109.5 -0.55717 120.38 -0.012477 -0.75423 -0.017937 0.65625
35.125 -110.74 -0.52712 119.97 0.017128 0.80226 0.016096 -0.59652
35.333 -111.6 -0.5003 119.57 -0.020878 -0.83031 -0.013635 0.55675
35.644 -112.96 -0.45181 118.77 -0.02352 -0.86456 -0.011922 0.50183
35.853 -113.9 -0.41409 118.11 0.022423 0.87964 0.012152 -0.47495
36.061 -114.88 -0.38465 117.38 0.020796 0.88887 0.012434 -0.45753
36.27 -115.91 -0.35118 116.59 0.021828 0.89481 0.01261 -0.44573
36.478 -116.98 -0.3145 115.74 0.02235 0.89881 0.013212 -0.43757
36.687 -118.09 -0.27329 114.84 0.022348 0.90164 0.013522 -0.4317
36.895 -119.24 -0.22835 113.89 0.02346 0.90324 0.013468 -0.42829
37.104 -120.44 -0.18161 112.89 0.02367 0.90376 0.013104 -0.42718
37.312 -121.69 -0.13221 111.86 0.02369 0.90417 0.011982 -0.42635
37.52 -122.97 -0.075356 110.77 0.023823 0.90465 0.013603 -0.42528
37.728 -124.28 -0.018676 109.65 0.02393 0.90529 0.014942 -0.42387
37.936 -125.64 0.042218 108.5 0.023973 0.90583 0.01289 -0.42277
38.144 -127.04 0.099291 107.32 -0.025973 -0.90632 -0.011606 0.42163
38.352 -128.46 0.14843 106.1 -0.02445 -0.90701 -0.0086899 0.42031
38.56 -129.92 0.18359 104.85 -0.021494 -0.90727 -0.007368 0.41994
38.768 -131.41 0.21447 103.57 0.021426 0.90724 0.0099196 -0.41995
38.976 -132.92 0.25137 102.3 0.023566 0.90725 0.011488 -0.41977
39.184 -134.44 0.29001 101.03 0.024363 0.90727 0.011892 -0.41968
39.496 -136.71 0.34786 99.109 0.023972 0.90734 0.013568 -0.41949
39.808 -138.99 0.41481 97.183 0.024556 0.90764 0.013263 -0.41882
40.119 -141.27 0.47261 95.263 0.024693 0.90826 0.012939 -0.41748
40.431 -143.53 0.52741 93.337 0.023278 0.90854 0.01256 -0.41696
40.639 -145.04 0.5613 92.049 0.021317 0.90829 0.013938 -0.41756
40.95 -147.31 0.60865 90.139 0.019637 0.90727 0.012752 -0.41991
41.262 -149.6 0.67168 88.237 0.025744 0.90627 0.017724 -0.42155
41.574 -151.87 0.75395 86.35 0.024438 0.90614 0.014411 -0.42202
41.885 -154.13 0.82882 84.457 0.025683 0.90612 0.016537 -0.42191
42.196 -156.37 0.90565 82.579 0.025589 0.90664 0.01509 -0.42085
42.508 -158.6 0.99207 80.703 0.02836 0.90699 0.018254 -0.4198
42.819 -160.78 1.0775 78.844 0.027216 0.90733 0.016267 -0.41921
43.131 -162.94 1.1543 76.994 0.024521 0.90683 0.017105 -0.42044
43.442 -165.09 1.2314 75.17 0.023659 0.90642 0.017147 -0.42137
43.754 -167.24 1.3066 73.372 0.025073 0.90595 0.01653 -0.42232
44.065 -169.38 1.3734 71.613 0.025013 0.90576 0.01338 -0.42284
44.377 -171.47 1.4162 69.906 0.02369 0.90534 0.014178 -0.42378
44.688 -173.49 1.4484 68.27 0.023741 0.90543 0.013643 -0.42361
44.896 -174.79 1.4704 67.216 0.02312 0.90544 0.014053 -0.42361
45.104 -176.04 1.4962 66.188 0.023366 0.90556 0.014297 -0.42334
45.311 -177.27 1.5251 65.185 0.024572 0.9056 0.0161 -0.42312
45.519 -178.44 1.5503 64.197 0.026342 0.90563 0.016941 -0.42292
45.831 -180.1 1.5865 62.765 0.027808 0.90596 0.016875 -0.42211
46.142 -181.65 1.6239 61.42 0.030082 0.90765 0.014399 -0.41841
46.453 -183.09 1.6622 60.11 -0.033686 -0.91346 -0.01244 0.40535
46.765 -184.4 1.6987 58.801 -0.037725 -0.92322 -0.010997 0.38226
47.076 -185.55 1.7495 57.458 -0.039427 -0.93743 -0.011076 0.34577
47.387 -186.46 1.8075 56.066 0.035634 0.95399 0.014101 -0.29737
47.697 -187.12 1.8564 54.648 0.030403 0.97178 0.015749 -0.23341
48.009 -187.53 1.8874 53.213 0.016434 0.98612 0.014122 -0.16463
48.32 -187.75 1.9013 51.772 0.015013 0.99568 0.013853 -0.090544
48.527 -187.74 1.9016 50.803 0.006489 0.99899 0.018631 -0.040324
48.735 -187.68 1.9096 49.867 0.0067597 0.99971 0.020186 0.010913
48.943 -187.52 1.9161 48.955 0.012738 0.99782 0.018168 0.062133
49.15 -187.25 1.9195 48.083 0.012951 0.99347 0.016302 0.11216
49.358 -186.91 1.9251 47.25 0.01643 0.98646 0.015204 0.16244
49.566 -186.48 1.9176 46.431 0.015887 0.97795 0.015218 0.20768
49.774 -186 1.9069 45.621 0.015187 0.96874 0.019426 0.24684
49.982 -185.48 1.9035 44.825 0.017138 0.96026 0.021723 0.27772
50.191 -184.9 1.9062 44.044 0.015664 0.95338 0.021452 0.30059
50.399 -184.29 1.9088 43.257 0.014803 0.94858 0.02064 0.31552
50.608 -183.64 1.9111 42.456 0.013095 0.94547 0.018446 0.32491
50.817 -182.97 1.9213 41.629 0.014582 0.94331 0.017732 0.33112
51.025 -182.26 1.9335 40.777 0.015419 0.94198 0.017281 0.33486
51.234 -181.5 1.9448 39.895 0.012066 0.94136 0.015228 0.33683
51.442 -180.73 1.9543 38.952 0.0155 0.94115 0.01699 0.33721
51.651 -179.91 1.9485 37.965 0.014458 0.94148 0.014438 0.33644
51.859 -179.06 1.9505 36.937 0.015456 0.94174 0.0084302 0.33588
52.067 -178.16 1.9422 35.849 0.015588 0.94189 0.0097621 0.33542
52.275 -177.2 1.9297 34.727 0.010216 0.94193 0.0099775 0.33552
52.483 -176.21 1.9226 33.539 0.0090459 0.94185 0.011896 0.3357
52.691 -175.17 1.9222 32.297 0.0071393 0.9419 0.014619 0.3355
52.899 -174.11 1.9271 31.022 0.0069548 0.94177 0.011447 0.33599
53.107 -173 1.9384 29.696 0.0079705 0.94159 0.015199 0.33632
53.419 -171.29 1.9563 27.661 0.012047 0.9414 0.015938 0.3367
53.731 -169.53 1.9433 25.546 0.015165 0.9416 0.012799 0.33615
54.043 -167.74 1.9219 23.369 0.013394 0.94202 0.016874 0.33487
54.355 -166 1.9081 21.18 0.020023 0.94215 0.022127 0.33385
54.666 -164.26 1.9341 18.993 0.022324 0.94218 0.028654 0.33314
54.979 -162.53 1.9427 16.857 0.02503 0.94291 0.018552 0.3316
55.291 -160.8 1.9357 14.712 0.024233 0.94335 0.022042 0.33016
55.602 -159.13 1.935 12.591 0.019965 0.94653 0.021129 0.3213
55.914 -157.59 1.9522 10.423 0.02232 0.95327 0.023296 0.30039
56.226 -156.21 1.9814 8.1875 0.025656 0.96342 0.026951 0.26541
56.539 -155.07 2.0395 5.8543 0.02942 0.97505 0.02828 0.21821
56.851 -154.18 2.0768 3.4753 0.031754 0.9849 0.016105 0.1694
57.06 -153.69 2.0811 1.8361 0.028239 0.98977 0.015419 0.13903
57.267 -153.3 2.089 0.16428 0.030743 0.99278 0.013734 0.11513
57.475 -152.95 2.0992 -1.551 0.028398 0.99485 0.016921 0.0958
57.683 -152.66 2.121 -3.3018 0.028295 0.99642 0.01819 0.077534
57.891 -152.42 2.1452 -5.0818 0.029172 0.99754 0.014542 0.062095
58.098 -152.23 2.1845 -6.9327 0.034693 0.99775 0.021103 0.053359
58.305 -152.03 2.2366 -8.8184 0.03598 0.99772 0.026055 0.050878
58.513 -151.82 2.2905 -10.723 0.032024 0.99799 0.022315 0.049945
58.72 -151.59 2.3403 -12.686 0.025273 0.99822 0.020831 0.049833
58.928 -151.37 2.3907 -14.689 0.022925 0.99819 0.02282 0.050671
59.135 -151.14 2.4463 -16.73 0.021833 0.99815 0.022539 0.052019
59.343 -150.9 2.4954 -18.794 0.020032 0.99819 0.020522 0.052927
59.551 -150.66 2.5311 -20.885 0.01715 0.99829 0.020049 0.052249
59.758 -150.43 2.5629 -22.988 0.016165 0.99837 0.020603 0.050753
59.966 -150.21 2.6022 -25.094 0.015761 0.99842 0.021465 0.049409
60.173 -150 2.6521 -27.199 0.01507 0.99843 0.023642 0.048589
60.381 -149.79 2.7037 -29.285 0.014481 0.99852 0.021918 0.047614
60.589 -149.59 2.7494 -31.365 0.013948 0.99858 0.021268 0.046752
60.9 -149.3 2.8229 -34.472 0.01238 0.99873 0.022749 0.043172
61.212 -149.04 2.8933 -37.55 0.011088 0.99894 0.022299 0.038663
61.523 -148.81 2.9589 -40.603 0.011576 0.99904 0.024003 0.034768
61.835 -148.59 3.0273 -43.622 0.011619 0.99915 0.023217 0.031983
62.146 -148.37 3.1021 -46.614 0.010354 0.99926 0.020922 0.030679
62.457 -148.16 3.1597 -49.576 0.010506 0.99928 0.019008 0.030999
62.769 -147.94 3.2058 -52.512 0.012806 0.99918 0.020872 0.03232
63.081 -147.72 3.2435 -55.414 0.012556 0.99914 0.020882 0.033683
63.392 -147.5 3.2824 -58.281 0.013714 0.99902 0.019462 0.037436
63.6 -147.34 3.301 -60.172 0.01381 0.99895 0.018494 0.039637
63.911 -147.1 3.3246 -62.956 0.012151 0.99891 0.020699 0.040119
64.223 -146.87 3.3509 -65.642 0.010674 0.999 0.021251 0.037947
64.64 -146.64 3.4009 -68.999 0.011496 0.99936 0.02187 0.02591
65.055 -146.53 3.4263 -72.003 0.015911 0.99954 0.02352 0.010614
65.575 -146.5 3.4547 -75.168 0.019076 0.99956 0.0225 -0.004091
65.887 -146.53 3.4649 -76.745 0.020641 0.99943 0.024688 -0.010265
66.199 -146.58 3.4811 -78.046 0.022709 0.99932 0.025616 -0.013999
66.407 -146.61 3.4898 -78.753 0.023173 0.99927 0.026511 -0.014761
66.719 -146.64 3.4968 -79.572 0.021104 0.99935 0.026167 -0.013138
67.966 -146.61 3.5864 -81.58 0.018577 0.99956 0.022033 0.0068913
68.278 -146.55 3.599 -81.888 0.015886 0.99945 0.022541 0.018162
75.248 -146.59 3.9638 -82.344 0.015268 0.99848 0.020642 0.048836
75.664 -146.57 3.9939 -82.523 0.014991 0.99727 0.020622 0.069334
75.975 -146.51 4.0132 -82.698 0.014526 0.99557 0.019 0.090979
76.287 -146.4 4.0293 -82.988 0.012904 0.99281 0.017584 0.11774
76.598 -146.23 4.041 -83.41 0.013766 0.98849 0.019672 0.14936
76.806 -146.07 4.0519 -83.743 0.012927 0.98446 0.021964 0.17378
77.013 -145.88 4.0636 -84.106 0.014271 0.97927 0.023828 0.20063
77.221 -145.63 4.0763 -84.485 0.014914 0.97219 0.026306 0.23223
77.532 -145.13 4.0951 -85.098 0.013616 0.95614 0.023249 0.29166
77.843 -144.4 4.1211 -85.819 0.017665 0.93107 0.020362 0.36384
78.154 -143.37 4.1377 -86.591 0.019299 0.89954 0.018457 0.43603
78.362 -142.5 4.1436 -87.088 0.018938 0.87499 0.020521 0.48334
78.569 -141.51 4.1534 -87.543 0.019294 0.8473 0.025636 0.53014
78.777 -140.39 4.1587 -87.924 0.019467 0.81704 0.02967 0.57548
78.985 -139.16 4.1622 -88.22 0.019294 0.78623 0.032292 0.61678
79.193 -137.83 4.1689 -88.433 0.021682 0.75862 0.031677 0.6504
79.401 -136.38 4.1717 -88.56 0.022034 0.73809 0.028699 0.67373
79.61 -134.83 4.1684 -88.646 0.023486 0.72468 0.027347 0.68814
79.819 -133.18 4.1568 -88.697 0.025773 0.71456 0.026866 0.69858
80.027 -131.45 4.1366 -88.701 0.029079 0.7044 0.024645 0.70878
80.236 -129.63 4.104 -88.65 0.026779 0.69655 0.02164 0.71668
80.445 -127.72 4.0659 -88.576 0.024357 0.69379 0.01869 0.71953
80.653 -125.72 4.0311 -88.505 0.023413 0.69306 0.019412 0.72024
80.861 -123.63 3.9969 -88.42 0.023742 0.69049 0.020027 0.72267
81.07 -121.46 3.9603 -88.294 0.0238 0.68703 0.019731 0.72597
81.278 -119.23 3.9203 -88.131 0.023009 0.68309 0.020546 0.72968
81.486 -116.93 3.8833 -87.949 0.021157 0.67945 0.023212 0.73305
81.694 -114.58 3.8497 -87.745 0.021668 0.67861 0.021957 0.73385
81.902 -112.18 3.8122 -87.539 0.021085 0.67918 0.02276 0.73331
82.11 -109.77 3.7717 -87.343 0.020627 0.67947 0.025039 0.73299
82.318 -107.39 3.7267 -87.147 0.020397 0.67978 0.025438 0.7327
82.526 -105.01 3.6772 -86.953 0.021413 0.68017 0.023935 0.73235
82.734 -102.63 3.6287 -86.764 0.020329 0.68049 0.024241 0.73207
82.942 -100.26 3.5887 -86.572 0.019841 0.68077 0.02438 0.73182
83.15 -97.91 3.5475 -86.386 0.021467 0.68097 0.023526 0.73162
83.358 -95.563 3.5065 -86.201 0.018853 0.68117 0.024463 0.73147
83.566 -93.229 3.4741 -86.018 0.016697 0.68153 0.023455 0.73122
83.774 -90.915 3.4399 -85.844 0.016995 0.68164 0.022325 0.73115
83.982 -88.608 3.4023 -85.674 0.016138 0.68174 0.022975 0.73105
84.19 -86.314 3.3657 -85.511 0.018027 0.6818 0.023337 0.73095
84.397 -84.042 3.3271 -85.353 0.020212 0.68099 0.024679 0.7316
84.605 -81.774 3.2857 -85.178 0.019918 0.67876 0.025913 0.73363
84.812 -79.526 3.2454 -84.983 0.018611 0.67671 0.024385 0.73561
85.02 -77.289 3.1919 -84.785 0.019006 0.67467 0.023 0.73752
85.331 -73.956 3.1085 -84.482 0.017989 0.67266 0.02402 0.73934
85.643 -70.65 3.0359 -84.16 0.016482 0.67183 0.023614 0.74014
85.954 -67.369 2.9732 -83.845 0.016256 0.67321 0.02297 0.73892
86.266 -64.072 2.9301 -83.554 0.020296 0.67562 0.025068 0.73654
86.577 -60.802 2.8734 -83.28 0.019021 0.67813 0.027024 0.73419
86.786 -58.653 2.8261 -83.106 0.018756 0.67983 0.025612 0.73269
87.097 -55.439 2.7564 -82.846 0.02126 0.6818 0.022889 0.73087
87.304 -53.288 2.7073 -82.678 0.020852 0.68236 0.023558 0.73034
87.616 -50.102 2.6446 -82.424 0.016858 0.68197 0.023236 0.73082
87.927 -46.961 2.5916 -82.162 0.013335 0.68162 0.018467 0.73135
88.239 -43.795 2.5471 -81.913 0.013949 0.68103 0.016487 0.73194
88.55 -40.606 2.5158 -81.67 0.012943 0.67981 0.023051 0.73291
88.862 -37.447 2.4679 -81.429 0.017319 0.67893 0.020675 0.7337
89.173 -34.324 2.4098 -81.178 0.019336 0.67854 0.020892 0.73401
89.485 -31.234 2.3415 -80.939 0.022182 0.67899 0.022748 0.73346
89.797 -28.165 2.2865 -80.719 0.020881 0.67988 0.024744 0.73261
90.109 -25.131 2.2434 -80.513 0.019493 0.68104 0.023876 0.7316
90.42 -22.128 2.1792 -80.314 0.019573 0.68191 0.024763 0.73076
90.628 -20.159 2.1365 -80.181 0.018335 0.68248 0.0246 0.73026
90.94 -17.343 2.0766 -79.993 0.016707 0.68334 0.024578 0.7295
91.252 -14.702 2.0215 -79.798 0.016036 0.68226 0.024492 0.73053
91.46 -13.048 1.9826 -79.658 0.015804 0.67969 0.023332 0.73296
91.668 -11.471 1.9314 -79.505 0.015523 0.67625 0.021682 0.73619
91.876 -9.9786 1.8821 -79.347 0.017763 0.67031 0.021495 0.74156
92.084 -8.577 1.8246 -79.159 0.019158 0.66171 0.021011 0.74922
92.292 -7.2723 1.765 -78.94 0.019159 0.65163 0.020937 0.758
92.499 -6.0688 1.7024 -78.696 0.018313 0.63921 0.021373 0.76852
92.706 -4.9403 1.6428 -78.407 0.017057 0.62421 0.018045 0.78086
92.914 -3.8678 1.5948 -78.086 0.016723 0.6066 0.017898 0.79463
93.225 -2.3856 1.5388 -77.504 0.016392 0.574 0.014702 0.81856
93.432 -1.4697 1.5006 -77.054 0.019238 0.54375 0.013057 0.83892
93.64 -0.60368 1.4729 -76.533 0.019897 0.50435 0.015987 0.86312
93.847 0.16681 1.4348 -75.912 0.017161 0.45932 0.012226 0.88802
94.054 0.85924 1.4001 -75.242 0.019035 0.41223 0.0099338 0.91083
94.366 1.7338 1.3245 -74.111 0.01581 0.34098 0.004677 0.93993
94.677 2.4317 1.2827 -72.869 0.0075403 0.26729 0.0040095 0.96358
94.989 2.9156 1.254 -71.512 -0.0024576 0.19403 -0.0042019 0.98098
95.3 3.2579 1.2646 -70.103 -0.00029981 0.12758 -0.0050711 0.99182
95.509 3.395 1.2725 -69.116 7.5698e-05 0.091907 -0.01085 0.99571
95.821 3.5511 1.2617 -67.576 -0.0012723 0.055989 -0.012859 0.99835
96.03 3.6231 1.2529 -66.506 -0.00010487 0.038863 -0.011343 0.99918
96.238 3.6638 1.2349 -65.377 0.00056477 0.024518 -0.012334 0.99962
96.446 3.6773 1.2187 -64.185 0.0010084 0.010625 -0.011882 0.99987
96.655 3.664 1.1999 -62.925 0.00093661 -0.0030972 -0.010729 0.99994
96.863 3.6172 1.179 -61.602 0.0021189 -0.012533 -0.012233 0.99984
97.071 3.5564 1.1525 -60.21 0.0031046 -0.017894 -0.012247 0.99976
97.28 3.4856 1.1289 -58.76 0.0026717 -0.021089 -0.012015 0.9997
97.488 3.4153 1.1066 -57.255 0.00050413 -0.024014 -0.010611 0.99966
97.696 3.3324 1.0842 -55.73 -0.0019027 -0.027113 -0.0099402 0.99958
97.904 3.2431 1.0649 -54.204 -0.0032827 -0.030491 -0.0078993 0.9995
98.112 3.1329 1.0496 -52.673 -0.0033626 -0.034204 -0.0066062 0.99939
98.32 3.0055 1.0353 -51.142 -0.0032246 -0.037655 -0.0064254 0.99926
98.528 2.8717 1.019 -49.612 -0.0032423 -0.039311 -0.0070754 0.9992
98.736 2.742 0.99809 -48.082 -0.0033007 -0.039733 -0.0077524 0.99917
98.944 2.6328 0.96656 -46.556 -0.004056 -0.039695 -0.0072314 0.99918
99.152 2.5146 0.93901 -45.04 -0.0050993 -0.039691 -0.0070953 0.99917
99.36 2.3953 0.91395 -43.536 -0.0048987 -0.03951 -0.0074652 0.99918
99.568 2.2814 0.89114 -42.044 -0.0043438 -0.038499 -0.0068738 0.99923
99.776 2.1761 0.8564 -40.574 -0.0040063 -0.036963 -0.0074907 0.99928
99.984 2.0805 0.8234 -39.142 -0.0055551 -0.035778 -0.0053113 0.99933
100.19 1.9754 0.79335 -37.754 -0.0068489 -0.034372 -0.0070198 0.99936
100.4 1.8955 0.75973 -36.415 -0.0044838 -0.034057 -0.005349 0.9994
100.71 1.7667 0.70151 -34.458 -0.0012496 -0.033103 -0.0083834 0.99942
101.02 1.6456 0.64881 -32.544 -5.1742e-05 -0.03251 -0.0091458 0.99943
101.34 1.5247 0.60358 -30.674 0.00015343 -0.032728 -0.010301 0.99941
101.65 1.4124 0.54238 -28.84 -0.0002265 -0.034135 -0.0093354 0.99937
101.96 1.306 0.47765 -27.029 0.00093854 -0.036643 -0.0090068 0.99929
102.27 1.1911 0.42564 -25.24 0.00076957 -0.039649 -0.0075425 0.99918
102.58 1.0674 0.39201 -23.477 -0.00079125 -0.042387 -0.007324 0.99907
102.89 0.93457 0.36122 -21.765 -0.0019271 -0.044319 -0.0075361 0.99899
103.21 0.8029 0.33303 -20.14 -0.0019504 -0.04338 -0.0087781 0.99902
103.52 0.6995 0.31708 -18.616 -0.0017879 -0.041325 -0.0086391 0.99911
103.83 0.60177 0.29648 -17.196 -0.0011999 -0.039365 -0.0088981 0.99918
104.14 0.50734 0.26448 -15.886 -0.001582 -0.037696 -0.0086914 0.99925
104.35 0.44661 0.24508 -15.095 -0.0026965 -0.036646 -0.0088626 0.99929
104.66 0.36997 0.21407 -14.065 -0.0027679 -0.035317 -0.0092668 0.99933
104.97 0.31393 0.18223 -13.199 -0.0017996 -0.034375 -0.0088214 0.99937
105.29 0.2756 0.15932 -12.411 0.00054792 -0.033766 -0.0083219 0.99939
105.6 0.25032 0.14112 -11.643 0.00020209 -0.033518 -0.0079814 0.99941
105.91 0.21154 0.12287 -10.893 -0.00013273 -0.033524 -0.0076546 0.99941
106.22 0.16937 0.10793 -10.152 -0.00021639 -0.035415 -0.0063133 0.99935
106.53 0.11311 0.092003 -9.4245 -7.0639e-05 -0.044459 -0.0065553 0.99899
106.84 0.040831 0.074068 -8.7136 0.00010809 -0.053486 -0.0090021 0.99853
107.16 -0.037081 0.062242 -8.0089 0.00033973 -0.060459 -0.008446 0.99813
107.47 -0.13321 0.044938 -7.3214 0.00080527 -0.061523 -0.010921 0.99805
107.78 -0.2082 0.026077 -6.6383 0.00039293 -0.058885 -0.010377 0.99821
108.09 -0.28487 -0.0029953 -5.9659 0.00070899 -0.055042 -0.010057 0.99843
108.41 -0.34425 -0.027767 -5.296 0.00058971 -0.049448 -0.0099911 0.99873
108.72 -0.38838 -0.044083 -4.5869 0.0026878 -0.043147 -0.009561 0.99902
109.03 -0.42409 -0.056964 -3.7761 0.0025892 -0.036026 -0.0087147 0.99931
109.34 -0.45401 -0.075447 -2.8727 0.00074971 -0.028477 -0.0063351 0.99957
110.38 -0.51156 -0.11055 0.67975 0.0015083 -0.011349 -0.0075146 0.99991
110.9 -0.36858 -0.096196 2.6692 0.004898 -0.0087956 0.0020732 0.99995
111.42 -0.52126 -0.12445 4.5458 0.0061626 -0.058835 -0.0029319 0.99824
111.94 -0.92967 -0.16283 6.2919 -0.0031874 -0.1203 -0.0097065 0.99269
112.35 -1.3129 -0.17623 7.6176 -0.0073651 -0.1303 -0.018495 0.99127
112.77 -1.5311 -0.18007 8.7513 -0.011216 -0.11241 -0.01368 0.9935
113.19 -1.6158 -0.18818 9.3246 -0.0095865 -0.096115 -0.011705 0.99526
113.6 -1.6368 -0.19246 9.387 -0.0069563 -0.093575 -0.012546 0.99551
114.02 -1.6431 -0.19325 9.3696 -0.0036503 -0.093432 -0.012271 0.99554
